,URL,id,desc,stars,num_ratings,num_reviews,reviews,vader_score,final_score
2,http://flipkart.com/aayu-women-fit-flare-multicolor-dress/p/itmfbz6zajmnsthr?pid=DREFBYMF96XFYZBJ&lid=LSTDREFBYMF96XFYZBJUGRSL8&marketplace=FLIPKART&store=clo%2Fodx%2Fmaj%2Fjhy&srno=b_1_3&otracker=browse&fm=organic&iid=9f4db607-5fab-4c8e-8f54-49bcaf7d2f85.DREFBYMF96XFYZBJ.SEARCH&ppt=None&ppn=None&ssid=935ax4ah8g0000001658756734118,2,Women Fit and Flare Multicolor Dress,4,106335,15304,so comfortable dress in  pregnancy time very decent look❤️ perfect 👍😊,1.8009,0.2539329522
173,http://flipkart.com/kannan-women-maxi-multicolor-dress/p/itmffz9mr7zsftg4?pid=DREFFWUHMJYGMUSC&lid=LSTDREFFWUHMJYGMUSCT5DLSN&marketplace=FLIPKART&store=clo%2Fodx%2Fmaj%2Fjhy&srno=b_5_190&otracker=browse&fm=organic&iid=9db22210-7319-4f31-8a7d-13cb2f0edf9f.DREFFWUHMJYGMUSC.SEARCH&ppt=None&ppn=None&ssid=vtbp9w2e2o0000001658756739007,173,Women Maxi Multicolor Dress,3.8,35444,6065,in love wid thz product😍 perfect one ok ok product 🙂 im satisfied,3.0844,0.1095345315
17,http://flipkart.com/sheetal-associates-women-maxi-pink-dress/p/itm3f423fd6c7ca2?pid=DREGCBJHUCSTJBBS&lid=LSTDREGCBJHUCSTJBBSVHZTOX&marketplace=FLIPKART&store=clo%2Fodx%2Fmaj%2Fjhy&srno=b_1_20&otracker=browse&fm=organic&iid=9f4db607-5fab-4c8e-8f54-49bcaf7d2f85.DREGCBJHUCSTJBBS.SEARCH&ppt=None&ppn=None&ssid=935ax4ah8g0000001658756734118,17,Women Maxi Pink Dress,4,39659,5395,perfect fit good product really nice one very nice,2.2165,0.0996070478
14,http://flipkart.com/daevish-women-skater-black-dress/p/itme6983dab1e838?pid=DREFXCHTHDP7FG3C&lid=LSTDREFXCHTHDP7FG3CYGLEXF&marketplace=FLIPKART&store=clo%2Fodx%2Fmaj%2Fjhy&srno=b_1_16&otracker=browse&fm=organic&iid=9f4db607-5fab-4c8e-8f54-49bcaf7d2f85.DREFXCHTHDP7FG3C.SEARCH&ppt=None&ppn=None&ssid=935ax4ah8g0000001658756734118,14,Women Skater Black Dress,4.3,26746,3706,one of my bestest purchase from flipkart 👌👌 loved it more than the pic beautiful dress 👗😍😍,2.8227,0.0774417782
123,http://flipkart.com/daevish-women-a-line-black-dress/p/itm14fd040ead0c5?pid=DREFNXPYN6BDPFWW&lid=LSTDREFNXPYN6BDPFWWP7HEFR&marketplace=FLIPKART&store=clo%2Fodx%2Fmaj%2Fjhy&srno=b_4_138&otracker=browse&fm=organic&iid=475b9e0f-e2fa-443e-9c2e-3bffb00fcde6.DREFNXPYN6BDPFWW.SEARCH&ppt=None&ppn=None&ssid=eyr0hefdxs0000001658756737931,123,Women A-line Black Dress,4.3,27104,5092,perfect❤️🔥 nice dress such a beautiful dress,1.3391,0.0674400211
58,http://flipkart.com/dyrectdeals-women-maxi-white-maroon-black-dress/p/itm89f52f9ceaff0?pid=DREFPBGWYUNUQYEE&lid=LSTDREFPBGWYUNUQYEEBAFKGT&marketplace=FLIPKART&store=clo%2Fodx%2Fmaj%2Fjhy&srno=b_2_66&otracker=browse&fm=organic&iid=4f187e50-412d-4000-b0b3-491b071904b8.DREFPBGWYUNUQYEE.SEARCH&ppt=None&ppn=None&ssid=ulr3gqi0ls0000001658756735101,58,"Women Maxi White, Maroon, Black Dress",4.2,26119,4114,good qualityi love this dress and than you flipkart 👍👍👍👍 nyc dress simply awesome ❤️,1.7022,0.0651843899
122,http://flipkart.com/dyrectdeals-women-maxi-green-dress/p/itm55c189ef79cd7?pid=DREFZT6SARQDXPA6&lid=LSTDREFZT6SARQDXPA67GAGKX&marketplace=FLIPKART&store=clo%2Fodx%2Fmaj%2Fjhy&srno=b_4_137&otracker=browse&fm=organic&iid=475b9e0f-e2fa-443e-9c2e-3bffb00fcde6.DREFZT6SARQDXPA6.SEARCH&ppt=None&ppn=None&ssid=eyr0hefdxs0000001658756737931,122,Women Maxi Green Dress,4.2,26119,4114,good qualityi love this dress and than you flipkart 👍👍👍👍 nyc dress simply awesome ❤️,1.7022,0.0651843899
1,http://flipkart.com/iqraar-women-fit-flare-purple-dress/p/itm4166bfb647d5f?pid=DREFYHWVG9QPFZYP&lid=LSTDREFYHWVG9QPFZYPGVEYGL&marketplace=FLIPKART&store=clo%2Fodx%2Fmaj%2Fjhy&srno=b_1_2&otracker=browse&fm=organic&iid=en_rku7h9GRtb%2FK8nqva1dotzlyMGaXjHmXKocfnCp9%2F8SOxBGOGqgqmDpZp6UXc2GHeQdJ1ANDvwtkoTdLrMx7FA%3D%3D&ppt=None&ppn=None&ssid=935ax4ah8g0000001658756734118,1,Women Fit and Flare Purple Dress,4.3,20596,2761,it was an awesome dress  i loved it very nice product  good quality  beautiful dress  recommend so good,3.4872,0.0642243889
37,http://flipkart.com/iqraar-women-fit-flare-purple-dress/p/itm4166bfb647d5f?pid=DREFYHWVG9QPFZYP&lid=LSTDREFYHWVG9QPFZYPGVEYGL&marketplace=FLIPKART&store=clo%2Fodx%2Fmaj%2Fjhy&srno=b_2_41&otracker=browse&fm=organic&iid=en_eF5oaIWBewZUFTqFp6oLahmfwI6xxW2a3XAvnf7viUvRyursPCE20FVQSeAdUEoHeQdJ1ANDvwtkoTdLrMx7FA%3D%3D&ppt=None&ppn=None&ssid=ulr3gqi0ls0000001658756735101,37,Women Fit and Flare Purple Dress,4.3,20596,2761,it was an awesome dress  i loved it very nice product  good quality  beautiful dress  recommend so good,3.4872,0.0642243889
74,http://flipkart.com/iqraar-women-fit-flare-purple-dress/p/itm4166bfb647d5f?pid=DREFYHWVG9QPFZYP&lid=LSTDREFYHWVG9QPFZYPGVEYGL&marketplace=FLIPKART&store=clo%2Fodx%2Fmaj%2Fjhy&srno=b_3_84&otracker=browse&fm=organic&iid=en_CPNIv7Tri7nhI1%2Fq3TgnKgeYRFTlxJyQV8BpTs26wSUkaPkW8QVP1B9Zm%2BXvycASeQdJ1ANDvwtkoTdLrMx7FA%3D%3D&ppt=None&ppn=None&ssid=3253kt4y000000001658756736902,74,Women Fit and Flare Purple Dress,4.3,20596,2761,it was an awesome dress  i loved it very nice product  good quality  beautiful dress  recommend so good,3.4872,0.0642243889
110,http://flipkart.com/iqraar-women-fit-flare-purple-dress/p/itm4166bfb647d5f?pid=DREFYHWVG9QPFZYP&lid=LSTDREFYHWVG9QPFZYPGVEYGL&marketplace=FLIPKART&store=clo%2Fodx%2Fmaj%2Fjhy&srno=b_4_124&otracker=browse&fm=organic&iid=en_C99HVefgtEX76a1jASv7Mhx8xw8HzL%2Fh2uP9fQRHMLjP9XnpqCX6%2F2QlgyPrC%2FV8eQdJ1ANDvwtkoTdLrMx7FA%3D%3D&ppt=None&ppn=None&ssid=eyr0hefdxs0000001658756737931,110,Women Fit and Flare Purple Dress,4.3,20596,2761,it was an awesome dress  i loved it very nice product  good quality  beautiful dress  recommend so good,3.4872,0.0642243889
160,http://flipkart.com/iqraar-women-fit-flare-purple-dress/p/itm4166bfb647d5f?pid=DREFYHWVG9QPFZYP&lid=LSTDREFYHWVG9QPFZYPGVEYGL&marketplace=FLIPKART&store=clo%2Fodx%2Fmaj%2Fjhy&srno=b_5_176&otracker=browse&fm=organic&iid=en_hlZBYjMhjxrzD012Wn83cXGcpLdKp19pNGvkkvOwKhtGbXhHiydp8xsuVdDldFXxeQdJ1ANDvwtkoTdLrMx7FA%3D%3D&ppt=None&ppn=None&ssid=vtbp9w2e2o0000001658756739007,160,Women Fit and Flare Purple Dress,4.3,20596,2761,it was an awesome dress  i loved it very nice product  good quality  beautiful dress  recommend so good,3.4872,0.0642243889
186,http://flipkart.com/iqraar-women-fit-flare-purple-dress/p/itm4166bfb647d5f?pid=DREFYHWVG9QPFZYP&lid=LSTDREFYHWVG9QPFZYPGVEYGL&marketplace=FLIPKART&store=clo%2Fodx%2Fmaj%2Fjhy&srno=b_6_204&otracker=browse&fm=organic&iid=en_rGmQh6SQt%2FnCusYCCzlvyxfLKCqlzjo%2FLFWZdUWNQJAK5ZM%2F5lJpZiSP57CCBiC7eQdJ1ANDvwtkoTdLrMx7FA%3D%3D&ppt=None&ppn=None&ssid=gbo1wgpztc0000001658756740571,186,Women Fit and Flare Purple Dress,4.3,20596,2761,it was an awesome dress  i loved it very nice product  good quality  beautiful dress  recommend so good,3.4872,0.0642243889
223,http://flipkart.com/iqraar-women-fit-flare-purple-dress/p/itm4166bfb647d5f?pid=DREFYHWVG9QPFZYP&lid=LSTDREFYHWVG9QPFZYPGVEYGL&marketplace=FLIPKART&store=clo%2Fodx%2Fmaj%2Fjhy&srno=b_7_244&otracker=browse&fm=organic&iid=en_9%2BmzLsy51trwHAvJ2DwswImedrLP9p1GeogpBJTkD0OZUB7ONV4Kz8rxdzl2oeCEeQdJ1ANDvwtkoTdLrMx7FA%3D%3D&ppt=None&ppn=None&ssid=xtqx69xdo00000001658756741660,223,Women Fit and Flare Purple Dress,4.3,20596,2761,it was an awesome dress  i loved it very nice product  good quality  beautiful dress  recommend so good,3.4872,0.0642243889
261,http://flipkart.com/iqraar-women-fit-flare-purple-dress/p/itm4166bfb647d5f?pid=DREFYHWVG9QPFZYP&lid=LSTDREFYHWVG9QPFZYPGVEYGL&marketplace=FLIPKART&store=clo%2Fodx%2Fmaj%2Fjhy&srno=b_8_284&otracker=browse&fm=organic&iid=en_4NHvBEWQTX%2B1pNk6x%2Fegt07vDvSCtsMRfD36wl799thhFN4Y%2FxDi2%2FFO%2FwwWeJqjeQdJ1ANDvwtkoTdLrMx7FA%3D%3D&ppt=None&ppn=None&ssid=4gx8zex8e80000001658756742655,261,Women Fit and Flare Purple Dress,4.3,20596,2761,it was an awesome dress  i loved it very nice product  good quality  beautiful dress  recommend so good,3.4872,0.0642243889
297,http://flipkart.com/iqraar-women-fit-flare-purple-dress/p/itm4166bfb647d5f?pid=DREFYHWVG9QPFZYP&lid=LSTDREFYHWVG9QPFZYPGVEYGL&marketplace=FLIPKART&store=clo%2Fodx%2Fmaj%2Fjhy&srno=b_9_324&otracker=browse&fm=organic&iid=en_YR0nD3xAyVWf5dNuT7RPJr1WhBj9S5Uldsgv9yufQlkeKzZqeDWCJqYhPWAkah2oeQdJ1ANDvwtkoTdLrMx7FA%3D%3D&ppt=None&ppn=None&ssid=addztmnj2o0000001658756744894,297,Women Fit and Flare Purple Dress,4.3,20596,2761,it was an awesome dress  i loved it very nice product  good quality  beautiful dress  recommend so good,3.4872,0.0642243889
338,http://flipkart.com/iqraar-women-fit-flare-purple-dress/p/itm4166bfb647d5f?pid=DREFYHWVG9QPFZYP&lid=LSTDREFYHWVG9QPFZYPGVEYGL&marketplace=FLIPKART&store=clo%2Fodx%2Fmaj%2Fjhy&srno=b_10_368&otracker=browse&fm=organic&iid=en_HuDUzw5bUJMADomwPz337D3siJ3jsMe%2FwZLDzWEtbn2aHkCAlIhURvP%2Ft6vew56%2BeQdJ1ANDvwtkoTdLrMx7FA%3D%3D&ppt=None&ppn=None&ssid=7rgz4b6q000000001658756745981,338,Women Fit and Flare Purple Dress,4.3,20596,2761,it was an awesome dress  i loved it very nice product  good quality  beautiful dress  recommend so good,3.4872,0.0642243889
104,http://flipkart.com/aayu-women-maxi-white-beige-dress/p/itmf3vcrkmwjxs9x?pid=DREEV87RVS3ECFSG&lid=LSTDREEV87RVS3ECFSGZW7JMM&marketplace=FLIPKART&store=clo%2Fodx%2Fmaj%2Fjhy&srno=b_3_117&otracker=browse&fm=organic&iid=518e877b-2c85-48a1-b683-3dc7f39eb17a.DREEV87RVS3ECFSG.SEARCH&ppt=None&ppn=None&ssid=3253kt4y000000001658756736902,104,"Women Maxi White, Beige Dress",4.1,15872,3230,just loved it osm product value for price good dress it looks nice on me i suggest u all to buy i am in lv with this dress this dress is very beautiful i liked it quality is very good,3.2626,0.0572996331
112,http://flipkart.com/aayu-women-maxi-white-beige-dress/p/itmf3vcrkmwjxs9x?pid=DREEV87RVS3ECFSG&lid=LSTDREEV87RVS3ECFSGZW7JMM&marketplace=FLIPKART&store=clo%2Fodx%2Fmaj%2Fjhy&srno=b_4_126&otracker=browse&fm=organic&iid=475b9e0f-e2fa-443e-9c2e-3bffb00fcde6.DREEV87RVS3ECFSG.SEARCH&ppt=None&ppn=None&ssid=eyr0hefdxs0000001658756737931,112,"Women Maxi White, Beige Dress",4.1,15872,3230,just loved it osm product value for price good dress it looks nice on me i suggest u all to buy i am in lv with this dress this dress is very beautiful i liked it quality is very good,3.2626,0.0572996331
54,http://flipkart.com/rudraaksha-women-fit-flare-yellow-dress/p/itmf9nqznrnyyexh?pid=DREF9HDU9YCRGGYR&lid=LSTDREF9HDU9YCRGGYR7PRTWI&marketplace=FLIPKART&store=clo%2Fodx%2Fmaj%2Fjhy&srno=b_2_62&otracker=browse&fm=organic&iid=4f187e50-412d-4000-b0b3-491b071904b8.DREF9HDU9YCRGGYR.SEARCH&ppt=None&ppn=None&ssid=ulr3gqi0ls0000001658756735101,54,Women Fit and Flare Yellow Dress With Mask,4,20036,3850,awesome dress must buy nice color perfect💯✨👌,1.9493,0.0545934202
119,http://flipkart.com/metro-fashion-women-maxi-maroon-white-dress/p/itm84e8743de0974?pid=DREFVAJ9YCUHZYYW&lid=LSTDREFVAJ9YCUHZYYWDEAM6R&marketplace=FLIPKART&store=clo%2Fodx%2Fmaj%2Fjhy&srno=b_4_134&otracker=browse&fm=organic&iid=475b9e0f-e2fa-443e-9c2e-3bffb00fcde6.DREFVAJ9YCUHZYYW.SEARCH&ppt=None&ppn=None&ssid=eyr0hefdxs0000001658756737931,119,"Women Maxi Maroon, White Dress",4.3,13037,1910,amazing dress awesome fit received this beautiful maxi dress perfect size perfect colour dress quality is really nice ive tatally satisfied with this please guys go ahead and buy this beautiful dress,5.0758,0.0511604549
305,http://flipkart.com/metro-fashion-women-maxi-black-white-dress/p/itm80e052ee3aab5?pid=DREFWBN8GRRJCZ7M&lid=LSTDREFWBN8GRRJCZ7MCJEC1Y&marketplace=FLIPKART&store=clo%2Fodx%2Fmaj%2Fjhy&srno=b_9_333&otracker=browse&fm=organic&iid=5e78f7a3-22ff-4166-bd37-1a923266d9fe.DREFWBN8GRRJCZ7M.SEARCH&ppt=None&ppn=None&ssid=addztmnj2o0000001658756744894,305,"Women Maxi Black, White Dress",4.3,13037,1910,amazing dress awesome fit received this beautiful maxi dress perfect size perfect colour dress quality is really nice ive tatally satisfied with this please guys go ahead and buy this beautiful dress,5.0758,0.0511604549
212,http://flipkart.com/harpa-women-maxi-pink-dress/p/itmfh43geqxzhrgy?pid=DREFHFTH2FBE8ZNA&lid=LSTDREFHFTH2FBE8ZNAFVHN6O&marketplace=FLIPKART&store=clo%2Fodx%2Fmaj%2Fjhy&srno=b_6_233&otracker=browse&fm=organic&iid=0f40640d-1f08-4370-8215-c3638c9d9b71.DREFHFTH2FBE8ZNA.SEARCH&ppt=None&ppn=None&ssid=gbo1wgpztc0000001658756740571,212,Women Maxi Pink Dress,4.2,12172,1812,i love it❤ good quality color is little differentvery satisfied quality of this product is osm perfect size 👌 😍 comfortable to wear 😌 ☺,5.2473,0.0486019707
78,http://flipkart.com/sheetal-associates-women-bodycon-blue-dress/p/itm2bd5351d35b2c?pid=DREG49M2XKYBVDMF&lid=LSTDREG49M2XKYBVDMFT8XKLL&marketplace=FLIPKART&store=clo%2Fodx%2Fmaj%2Fjhy&srno=b_3_89&otracker=browse&fm=organic&iid=518e877b-2c85-48a1-b683-3dc7f39eb17a.DREG49M2XKYBVDMF.SEARCH&ppt=None&ppn=None&ssid=3253kt4y000000001658756736902,78,Women Bodycon Blue Dress,4.1,14793,2069,just awesome 🥰 lovely dress very beautiful dress😘,3.0391,0.0430907995
147,http://flipkart.com/harpa-women-fit-flare-multicolor-dress/p/itmf3vcqydgyzgzr?pid=DREEHRXUYRQY2GGE&lid=LSTDREEHRXUYRQY2GGEFOMMMW&marketplace=FLIPKART&store=clo%2Fodx%2Fmaj%2Fjhy&srno=b_5_163&otracker=browse&fm=organic&iid=9db22210-7319-4f31-8a7d-13cb2f0edf9f.DREEHRXUYRQY2GGE.SEARCH&ppt=None&ppn=None&ssid=vtbp9w2e2o0000001658756739007,147,Women Fit and Flare Multicolor Dress,4.1,15424,2178,im in love with this dress go for it guys without the second thought thanks to you flipkart❤ very nice nice,2.5572,0.0420497113
146,http://flipkart.com/purshottam-wala-women-fit-flare-black-dress/p/itm577778dd99170?pid=DREFVECYFVDZGUZF&lid=LSTDREFVECYFVDZGUZF9Z8EKT&marketplace=FLIPKART&store=clo%2Fodx%2Fmaj%2Fjhy&srno=b_5_162&otracker=browse&fm=organic&iid=9db22210-7319-4f31-8a7d-13cb2f0edf9f.DREFVECYFVDZGUZF.SEARCH&ppt=None&ppn=None&ssid=vtbp9w2e2o0000001658756739007,146,Women Fit and Flare Black Dress,4.1,14340,1698,nice product awesome fabric good product love it woww beautiful 🥰😘💋❤️❤️❤️❤️❤️❤️❤️,3.64,0.0420204072
16,http://flipkart.com/aayu-women-maxi-maroon-dress/p/itmfg5uptjqrzwjq?pid=DREFFE74V9VH8HMG&lid=LSTDREFFE74V9VH8HMGY6Z9WO&marketplace=FLIPKART&store=clo%2Fodx%2Fmaj%2Fjhy&srno=b_1_19&otracker=browse&fm=organic&iid=9f4db607-5fab-4c8e-8f54-49bcaf7d2f85.DREFFE74V9VH8HMG.SEARCH&ppt=None&ppn=None&ssid=935ax4ah8g0000001658756734118,16,Women Maxi Maroon Dress,4.2,12184,2012,osm product good quality nice product👍👍👍 good i like ❤,2.3004,0.0343813338
65,http://flipkart.com/aayu-women-maxi-black-dress/p/itmf3vcns3yvhrg4?pid=DREFFE74ZP7ZQDHY&lid=LSTDREFFE74ZP7ZQDHYZM7FKI&marketplace=FLIPKART&store=clo%2Fodx%2Fmaj%2Fjhy&srno=b_2_74&otracker=browse&fm=organic&iid=4f187e50-412d-4000-b0b3-491b071904b8.DREFFE74ZP7ZQDHY.SEARCH&ppt=None&ppn=None&ssid=ulr3gqi0ls0000001658756735101,65,Women Maxi Black Dress,4.2,12184,2012,osm product good quality nice product👍👍👍 good i like ❤,2.3004,0.0343813338
4,http://flipkart.com/purshottam-wala-women-maxi-black-dress/p/itmd1036842af9e2?pid=DREG62QVKAJQKCFW&lid=LSTDREG62QVKAJQKCFWOQWTFN&marketplace=FLIPKART&store=clo%2Fodx%2Fmaj%2Fjhy&srno=b_1_5&otracker=browse&fm=organic&iid=9f4db607-5fab-4c8e-8f54-49bcaf7d2f85.DREG62QVKAJQKCFW.SEARCH&ppt=None&ppn=None&ssid=935ax4ah8g0000001658756734118,4,Women Maxi Black Dress,4.2,12918,1512,awsm n comfortable 🌝👌🏻 beautiful im really satisfied with this dress  im obsessed 😍i would highly recommend you to boy this dress ❤️🔥,2.5633,0.0334421099
172,http://flipkart.com/purshottam-wala-women-maxi-blue-dress/p/itm27bdfaac8595f?pid=DREGCHWYJ3VHVYQ2&lid=LSTDREGCHWYJ3VHVYQ2IUGECO&marketplace=FLIPKART&store=clo%2Fodx%2Fmaj%2Fjhy&srno=b_5_189&otracker=browse&fm=organic&iid=9db22210-7319-4f31-8a7d-13cb2f0edf9f.DREGCHWYJ3VHVYQ2.SEARCH&ppt=None&ppn=None&ssid=vtbp9w2e2o0000001658756739007,172,Women Maxi Blue Dress,4.2,12918,1512,awsm n comfortable 🌝👌🏻 beautiful im really satisfied with this dress  im obsessed 😍i would highly recommend you to boy this dress ❤️🔥,2.5633,0.0334421099
342,http://flipkart.com/vskin-women-fit-flare-blue-dress/p/itm7809ce9191dbb?pid=DREGYM8JJTGNYWPY&lid=LSTDREGYM8JJTGNYWPYP7HRYH&marketplace=FLIPKART&store=clo%2Fodx%2Fmaj%2Fjhy&srno=b_10_373&otracker=browse&fm=organic&iid=059e3c9c-55a2-4fb4-b8bb-8450b82447a7.DREGYM8JJTGNYWPY.SEARCH&ppt=None&ppn=None&ssid=7rgz4b6q000000001658756745981,342,Women Fit and Flare Blue Dress,4,11487,1423,amazing dress i just love it so much perfect fitting and very comfortable luved it must buy❣️❣️❣️,3.2327,0.0321676094
256,http://flipkart.com/rigo-women-bodycon-black-maroon-white-dress/p/itm497e2bd13f0f8?pid=DREEVAH66JBCGHXU&lid=LSTDREEVAH66JBCGHXU13J9XT&marketplace=FLIPKART&store=clo%2Fodx%2Fmaj%2Fjhy&srno=b_7_279&otracker=browse&fm=organic&iid=498d350b-fe93-4a21-a700-ed1f1254a687.DREEVAH66JBCGHXU.SEARCH&ppt=None&ppn=None&ssid=xtqx69xdo00000001658756741660,256,"Women Bodycon Black, Maroon, White Dress",4.2,7362,1073,nyc product i loved it so comfortable and cool to wear loved the dress  its nice and comfortable the dress is simply wow and also reasonable its fit is super awesome and it is exactly same as shown in the picture loved it 😍,6.1893,0.0319943347
202,http://flipkart.com/darzi-women-bodycon-black-dress/p/itm14ce2a7444299?pid=DREGYFD4469UYHJK&lid=LSTDREGYFD4469UYHJK9BZLMQ&marketplace=FLIPKART&store=clo%2Fodx%2Fmaj%2Fjhy&srno=b_6_223&otracker=browse&fm=organic&iid=0f40640d-1f08-4370-8215-c3638c9d9b71.DREGYFD4469UYHJK.SEARCH&ppt=None&ppn=None&ssid=gbo1wgpztc0000001658756740571,202,Women Bodycon Black Dress,4.1,9921,1419,amazing for get together partiesthe material is also so good with shining effect quality or look 😍 just awesome 💓 i love it ♥️,3.6798,0.0318310174
296,http://flipkart.com/darzi-women-wrap-maroon-dress/p/itm340a3f4782ecd?pid=DREFTZGXUEFGFGH5&lid=LSTDREFTZGXUEFGFGH5JDPJTD&marketplace=FLIPKART&store=clo%2Fodx%2Fmaj%2Fjhy&srno=b_9_323&otracker=browse&fm=organic&iid=5e78f7a3-22ff-4166-bd37-1a923266d9fe.DREFTZGXUEFGFGH5.SEARCH&ppt=None&ppn=None&ssid=addztmnj2o0000001658756744894,296,Women Wrap Maroon Dress,4.1,9921,1419,amazing for get together partiesthe material is also so good with shining effect quality or look 😍 just awesome 💓 i love it ♥️,3.6798,0.0318310174
360,http://flipkart.com/metro-fashion-women-gathered-dark-blue-dress/p/itmd66a49d7fdf01?pid=DREFGBGNSAHDXFWJ&lid=LSTDREFGBGNSAHDXFWJM3ZXOX&marketplace=FLIPKART&store=clo%2Fodx%2Fmaj%2Fjhy&srno=b_10_393&otracker=browse&fm=organic&iid=059e3c9c-55a2-4fb4-b8bb-8450b82447a7.DREFGBGNSAHDXFWJ.SEARCH&ppt=None&ppn=None&ssid=7rgz4b6q000000001658756745981,360,Women Gathered Dark Blue Dress,4.3,9756,1600,just amazing ❤️❤️❤️❤️❤️❤️❤️ quality is 👌👌👌👌👌 super quality very comfortable go for it,2.6788,0.0296205923
101,http://flipkart.com/sheetal-associates-women-fit-flare-green-dress/p/itma433a4b364fc9?pid=DREFZKCW3UH8RYYV&lid=LSTDREFZKCW3UH8RYYVWXLKA5&marketplace=FLIPKART&store=clo%2Fodx%2Fmaj%2Fjhy&srno=b_3_114&otracker=browse&fm=organic&iid=518e877b-2c85-48a1-b683-3dc7f39eb17a.DREFZKCW3UH8RYYV.SEARCH&ppt=None&ppn=None&ssid=3253kt4y000000001658756736902,101,Women Fit and Flare Green Dress,4.3,10880,1438,amazing love it❤ must go for it amazing product,2.4456,0.0293468805
111,http://flipkart.com/sheetal-associates-women-fit-flare-green-dress/p/itma433a4b364fc9?pid=DREFZKCW3UH8RYYV&lid=LSTDREFZKCW3UH8RYYVWXLKA5&marketplace=FLIPKART&store=clo%2Fodx%2Fmaj%2Fjhy&srno=b_4_125&otracker=browse&fm=organic&iid=475b9e0f-e2fa-443e-9c2e-3bffb00fcde6.DREFZKCW3UH8RYYV.SEARCH&ppt=None&ppn=None&ssid=eyr0hefdxs0000001658756737931,111,Women Fit and Flare Green Dress,4.3,10880,1438,amazing love it❤ must go for it amazing product,2.4456,0.0293468805
159,http://flipkart.com/sheetal-associates-women-a-line-purple-dress/p/itmc01622ea62f64?pid=DREFPY8Z3DCYFVQK&lid=LSTDREFPY8Z3DCYFVQKVRHZ33&marketplace=FLIPKART&store=clo%2Fodx%2Fmaj%2Fjhy&srno=b_5_175&otracker=browse&fm=organic&iid=9db22210-7319-4f31-8a7d-13cb2f0edf9f.DREFPY8Z3DCYFVQK.SEARCH&ppt=None&ppn=None&ssid=vtbp9w2e2o0000001658756739007,159,Women A-line Purple Dress,4.1,10521,1355,i love this one 💖 just wow😍😍😚 nice,2.735,0.0284109233
89,http://flipkart.com/miss-chase-women-maxi-purple-dress/p/itm0db47cc0a639e?pid=DREG7AF2Z4YQDMZS&lid=LSTDREG7AF2Z4YQDMZSQA0PSP&marketplace=FLIPKART&store=clo%2Fodx%2Fmaj%2Fjhy&srno=b_3_101&otracker=browse&fm=organic&iid=518e877b-2c85-48a1-b683-3dc7f39eb17a.DREG7AF2Z4YQDMZS.SEARCH&ppt=None&ppn=None&ssid=3253kt4y000000001658756736902,89,Women Maxi Purple Dress,4.4,8126,1297,i am happy with this product beautiful dress ❤️ just i love it 😍👌🏻,2.6537,0.0246292111
3,http://flipkart.com/sheetal-associates-women-wrap-pink-dress/p/itmde841fb7c1f91?pid=DREGACDFHNXP36XX&lid=LSTDREGACDFHNXP36XXEANDXF&marketplace=FLIPKART&store=clo%2Fodx%2Fmaj%2Fjhy&srno=b_1_4&otracker=browse&fm=organic&iid=9f4db607-5fab-4c8e-8f54-49bcaf7d2f85.DREGACDFHNXP36XX.SEARCH&ppt=None&ppn=None&ssid=935ax4ah8g0000001658756734118,3,Women Wrap Pink Dress,4.2,9636,1124,its absolutely stunning 🥰 this dress is amezing just go for it🔥💯 gorgeous 😍😍😍,2.3018,0.0240590211
171,http://flipkart.com/sheetal-associates-women-wrap-pink-dress/p/itmde841fb7c1f91?pid=DREGACDFHNXP36XX&lid=LSTDREGACDFHNXP36XXEANDXF&marketplace=FLIPKART&store=clo%2Fodx%2Fmaj%2Fjhy&srno=b_5_188&otracker=browse&fm=organic&iid=en_hlZBYjMhjxrzD012Wn83cXGcpLdKp19pNGvkkvOwKhu1WDCz3Io%2FpuaFKH%2F52cDJMjaonJdDfMiIpJRAKTSA2Q%3D%3D&ppt=None&ppn=None&ssid=vtbp9w2e2o0000001658756739007,171,Women Wrap Pink Dress,4.2,9636,1124,its absolutely stunning 🥰 this dress is amezing just go for it🔥💯 gorgeous 😍😍😍,2.3018,0.0240590211
244,http://flipkart.com/sheetal-associates-women-wrap-black-dress/p/itmb0219fb5af3db?pid=DREG6Z9PVVY4MEXW&lid=LSTDREG6Z9PVVY4MEXW8IYRIN&marketplace=FLIPKART&store=clo%2Fodx%2Fmaj%2Fjhy&srno=b_7_267&otracker=browse&fm=organic&iid=498d350b-fe93-4a21-a700-ed1f1254a687.DREG6Z9PVVY4MEXW.SEARCH&ppt=None&ppn=None&ssid=xtqx69xdo00000001658756741660,244,Women Wrap Black Dress,4.2,9636,1124,its absolutely stunning 🥰 this dress is amezing just go for it🔥💯 gorgeous 😍😍😍,2.3018,0.0240590211
38,http://flipkart.com/selvia-women-high-low-white-dress/p/itmbf73dbcc761eb?pid=DREFZQHVSNS8EJEP&lid=LSTDREFZQHVSNS8EJEPCQHZXC&marketplace=FLIPKART&store=clo%2Fodx%2Fmaj%2Fjhy&srno=b_2_43&otracker=browse&fm=organic&iid=4f187e50-412d-4000-b0b3-491b071904b8.DREFZQHVSNS8EJEP.SEARCH&ppt=None&ppn=None&ssid=ulr3gqi0ls0000001658756735101,38,Women High Low White Dress,4.1,8535,1148,so beautiful dress awesome quality😍 superb this dress was very long for me but my dad cut it and made it of my sizeoverall its an osm dress i just loved it,2.6342,0.0230995440
64,http://flipkart.com/selvia-women-high-low-black-dress/p/itm2c9dd4d323e07?pid=DREFTGK5CW9KZG6D&lid=LSTDREFTGK5CW9KZG6D0RCVA5&marketplace=FLIPKART&store=clo%2Fodx%2Fmaj%2Fjhy&srno=b_2_73&otracker=browse&fm=organic&iid=4f187e50-412d-4000-b0b3-491b071904b8.DREFTGK5CW9KZG6D.SEARCH&ppt=None&ppn=None&ssid=ulr3gqi0ls0000001658756735101,64,Women High Low Black Dress,4.1,8535,1148,so beautiful dress awesome quality😍 superb this dress was very long for me but my dad cut it and made it of my sizeoverall its an osm dress i just loved it,2.6342,0.0230995440
316,http://flipkart.com/selvia-women-high-low-blue-dress/p/itmd076c6183d2e5?pid=DREG4VJVDJGGUTTS&lid=LSTDREG4VJVDJGGUTTSBMAWUU&marketplace=FLIPKART&store=clo%2Fodx%2Fmaj%2Fjhy&srno=b_9_346&otracker=browse&fm=organic&iid=5e78f7a3-22ff-4166-bd37-1a923266d9fe.DREG4VJVDJGGUTTS.SEARCH&ppt=None&ppn=None&ssid=addztmnj2o0000001658756744894,316,Women High Low Blue Dress,4.1,8535,1148,so beautiful dress awesome quality😍 superb this dress was very long for me but my dad cut it and made it of my sizeoverall its an osm dress i just loved it,2.6342,0.0230995440
11,http://flipkart.com/rudraaksha-women-fit-flare-green-dress/p/itm8d2a61945f246?pid=DREFVAGEZHGZVCK3&lid=LSTDREFVAGEZHGZVCK3J6LSFO&marketplace=FLIPKART&store=clo%2Fodx%2Fmaj%2Fjhy&srno=b_1_13&otracker=browse&fm=organic&iid=9f4db607-5fab-4c8e-8f54-49bcaf7d2f85.DREFVAGEZHGZVCK3.SEARCH&ppt=None&ppn=None&ssid=935ax4ah8g0000001658756734118,11,Women Fit and Flare Green Dress With Mask,3.9,10216,1333,very nice its really good product the product was nice in this range you can go for it ☺️,1.7422,0.0230295186
35,http://flipkart.com/rudraaksha-women-fit-flare-pink-dress/p/itmce0d9fb23815d?pid=DREFVAGE6CCZT2ZP&lid=LSTDREFVAGE6CCZT2ZP7QCPTA&marketplace=FLIPKART&store=clo%2Fodx%2Fmaj%2Fjhy&srno=b_1_39&otracker=browse&fm=organic&iid=9f4db607-5fab-4c8e-8f54-49bcaf7d2f85.DREFVAGE6CCZT2ZP.SEARCH&ppt=None&ppn=None&ssid=935ax4ah8g0000001658756734118,35,Women Fit and Flare Pink Dress With Mask,3.9,10216,1333,very nice its really good product the product was nice in this range you can go for it ☺️,1.7422,0.0230295186
352,http://flipkart.com/brucella-women-sheath-maroon-dress/p/itmbf2fff6af7654?pid=DREFYHEHNUYGFHWF&lid=LSTDREFYHEHNUYGFHWFBDGYUM&marketplace=FLIPKART&store=clo%2Fodx%2Fmaj%2Fjhy&srno=b_10_385&otracker=browse&fm=organic&iid=059e3c9c-55a2-4fb4-b8bb-8450b82447a7.DREFYHEHNUYGFHWF.SEARCH&ppt=None&ppn=None&ssid=7rgz4b6q000000001658756745981,352,Women Sheath Maroon Dress,4.3,7616,1222,beautiful ❤️ i like it loved the dress 🥰,2.3674,0.0218013181
139,http://flipkart.com/selvia-women-bodycon-maroon-dress/p/itm8891c427e7e63?pid=DREGFWWZMSHGGFFY&lid=LSTDREGFWWZMSHGGFFYR5VE5P&marketplace=FLIPKART&store=clo%2Fodx%2Fmaj%2Fjhy&srno=b_4_155&otracker=browse&fm=organic&iid=475b9e0f-e2fa-443e-9c2e-3bffb00fcde6.DREGFWWZMSHGGFFY.SEARCH&ppt=None&ppn=None&ssid=eyr0hefdxs0000001658756737931,139,Women Bodycon Maroon Dress,3.9,8470,924,no 2nd thoughtgo for ityou will love it i love this dress just🥰 super dress,2.3846,0.0199046994
222,http://flipkart.com/selvia-women-bodycon-pink-dress/p/itm4dcc8aa01575c?pid=DREGFWWNHZ3CUMQA&lid=LSTDREGFWWNHZ3CUMQAJEUP5N&marketplace=FLIPKART&store=clo%2Fodx%2Fmaj%2Fjhy&srno=b_7_243&otracker=browse&fm=organic&iid=498d350b-fe93-4a21-a700-ed1f1254a687.DREGFWWNHZ3CUMQA.SEARCH&ppt=None&ppn=None&ssid=xtqx69xdo00000001658756741660,222,Women Bodycon Pink Dress,3.9,8470,924,no 2nd thoughtgo for ityou will love it i love this dress just🥰 super dress,2.3846,0.0199046994
105,http://flipkart.com/sassafras-women-fit-flare-black-dress/p/itm331ee769a2dfd?pid=DREFJ3FKPUCDQHQB&lid=LSTDREFJ3FKPUCDQHQBGOUTUF&marketplace=FLIPKART&store=clo%2Fodx%2Fmaj%2Fjhy&srno=b_3_118&otracker=browse&fm=organic&iid=518e877b-2c85-48a1-b683-3dc7f39eb17a.DREFJ3FKPUCDQHQB.SEARCH&ppt=None&ppn=None&ssid=3253kt4y000000001658756736902,105,Women Fit and Flare Black Dress,4.3,5881,769,amazing qualitybut not meant for extremely hot weatherbut overallits an amazing productgo for it beautiful girls out there👍 🖤🖤classy as always 🖤🖤 good,3.704,0.0186280329
113,http://flipkart.com/sassafras-women-fit-flare-black-dress/p/itm331ee769a2dfd?pid=DREFJ3FKPUCDQHQB&lid=LSTDREFJ3FKPUCDQHQBGOUTUF&marketplace=FLIPKART&store=clo%2Fodx%2Fmaj%2Fjhy&srno=b_4_127&otracker=browse&fm=organic&iid=475b9e0f-e2fa-443e-9c2e-3bffb00fcde6.DREFJ3FKPUCDQHQB.SEARCH&ppt=None&ppn=None&ssid=eyr0hefdxs0000001658756737931,113,Women Fit and Flare Black Dress,4.3,5881,769,amazing qualitybut not meant for extremely hot weatherbut overallits an amazing productgo for it beautiful girls out there👍 🖤🖤classy as always 🖤🖤 good,3.704,0.0186280329
361,http://flipkart.com/harpa-women-maxi-pink-dress/p/itmf3vd4jvnnyghz?pid=DREEA6CK6CXQDZ3F&lid=LSTDREEA6CK6CXQDZ3FMV8KGH&marketplace=FLIPKART&store=clo%2Fodx%2Fmaj%2Fjhy&srno=b_10_394&otracker=browse&fm=organic&iid=059e3c9c-55a2-4fb4-b8bb-8450b82447a7.DREEA6CK6CXQDZ3F.SEARCH&ppt=None&ppn=None&ssid=7rgz4b6q000000001658756745981,361,Women Maxi Pink Dress,4.1,7480,1373,wowww nice♥️♥️😘 im so happy nyc dress tq flipkart,1.5044,0.0185377604
267,http://flipkart.com/rudraaksha-women-fit-flare-multicolor-dress/p/itmf9z6mgsmu5jfn?pid=DREF9MEHNHHPMFHE&lid=LSTDREF9MEHNHHPMFHEEJNFKP&marketplace=FLIPKART&store=clo%2Fodx%2Fmaj%2Fjhy&srno=b_8_291&otracker=browse&fm=organic&iid=5f63d83d-9940-40b4-ac45-834eaaf2387a.DREF9MEHNHHPMFHE.SEARCH&ppt=None&ppn=None&ssid=4gx8zex8e80000001658756742655,267,Women Fit and Flare Multicolor Dress With Mask,4,5719,1053,gud quality 👌👌👌👌👌 very nice dress dress is awesome ❤️❤️love itit suits me 😄😄😄,2.9675,0.0184507138
333,http://flipkart.com/rudraaksha-women-fit-flare-multicolor-dress/p/itmf9z6mgsmu5jfn?pid=DREF9MEHNHHPMFHE&lid=LSTDREF9MEHNHHPMFHEEJNFKP&marketplace=FLIPKART&store=clo%2Fodx%2Fmaj%2Fjhy&srno=b_10_363&otracker=browse&fm=organic&iid=059e3c9c-55a2-4fb4-b8bb-8450b82447a7.DREF9MEHNHHPMFHE.SEARCH&ppt=None&ppn=None&ssid=7rgz4b6q000000001658756745981,333,Women Fit and Flare Multicolor Dress With Mask,4,5719,1053,gud quality 👌👌👌👌👌 very nice dress dress is awesome ❤️❤️love itit suits me 😄😄😄,2.9675,0.0184507138
273,http://flipkart.com/jhankhi-women-a-line-pink-dress/p/itm0ba9519b6bbf2?pid=DREFKGREMWGZGMMF&lid=LSTDREFKGREMWGZGMMF7OJPJJ&marketplace=FLIPKART&store=clo%2Fodx%2Fmaj%2Fjhy&srno=b_8_298&otracker=browse&fm=organic&iid=5f63d83d-9940-40b4-ac45-834eaaf2387a.DREFKGREMWGZGMMF.SEARCH&ppt=None&ppn=None&ssid=4gx8zex8e80000001658756742655,273,Women A-line Pink Dress,4.2,8506,1193,very nice just awesome must buy,1.0464,0.0182156867
77,http://flipkart.com/selvia-women-bodycon-brown-dress/p/itm54bb9e6df01db?pid=DREGYFH85WUHPMFJ&lid=LSTDREGYFH85WUHPMFJ502OUW&marketplace=FLIPKART&store=clo%2Fodx%2Fmaj%2Fjhy&srno=b_3_87&otracker=browse&fm=organic&iid=518e877b-2c85-48a1-b683-3dc7f39eb17a.DREGYFH85WUHPMFJ.SEARCH&ppt=None&ppn=None&ssid=3253kt4y000000001658756736902,77,Women Bodycon Brown Dress,4.1,6548,946,very nice and fully satisfied its very nice ❤️❤️❤️ i love this dress 👗 osm product❣️,2.5383,0.0179587793
88,http://flipkart.com/selvia-women-bodycon-dark-blue-dress/p/itm0f3e3476d8870?pid=DREGYFH8WMUMZBEJ&lid=LSTDREGYFH8WMUMZBEJ6GFLZW&marketplace=FLIPKART&store=clo%2Fodx%2Fmaj%2Fjhy&srno=b_3_99&otracker=browse&fm=organic&iid=518e877b-2c85-48a1-b683-3dc7f39eb17a.DREGYFH8WMUMZBEJ.SEARCH&ppt=None&ppn=None&ssid=3253kt4y000000001658756736902,88,Women Bodycon Dark Blue Dress,4.1,6548,946,very nice and fully satisfied its very nice ❤️❤️❤️ i love this dress 👗 osm product❣️,2.5383,0.0179587793
98,http://flipkart.com/selvia-women-bodycon-pink-dress/p/itmfca39d48edfd5?pid=DREGYFH8ZYFP7Z46&lid=LSTDREGYFH8ZYFP7Z46KZRCMK&marketplace=FLIPKART&store=clo%2Fodx%2Fmaj%2Fjhy&srno=b_3_111&otracker=browse&fm=organic&iid=518e877b-2c85-48a1-b683-3dc7f39eb17a.DREGYFH8ZYFP7Z46.SEARCH&ppt=None&ppn=None&ssid=3253kt4y000000001658756736902,98,Women Bodycon Pink Dress,4.1,6548,946,very nice and fully satisfied its very nice ❤️❤️❤️ i love this dress 👗 osm product❣️,2.5383,0.0179587793
108,http://flipkart.com/selvia-women-bodycon-pink-dress/p/itmfca39d48edfd5?pid=DREGYFH8ZYFP7Z46&lid=LSTDREGYFH8ZYFP7Z46KZRCMK&marketplace=FLIPKART&store=clo%2Fodx%2Fmaj%2Fjhy&srno=b_4_121&otracker=browse&fm=organic&iid=475b9e0f-e2fa-443e-9c2e-3bffb00fcde6.DREGYFH8ZYFP7Z46.SEARCH&ppt=None&ppn=None&ssid=eyr0hefdxs0000001658756737931,108,Women Bodycon Pink Dress,4.1,6548,946,very nice and fully satisfied its very nice ❤️❤️❤️ i love this dress 👗 osm product❣️,2.5383,0.0179587793
59,http://flipkart.com/rigo-women-high-low-multicolor-dress/p/itmf3vchyudpnrgz?pid=DREF2FSQDC4TSBUT&lid=LSTDREF2FSQDC4TSBUTNXU7JM&marketplace=FLIPKART&store=clo%2Fodx%2Fmaj%2Fjhy&srno=b_2_67&otracker=browse&fm=organic&iid=4f187e50-412d-4000-b0b3-491b071904b8.DREF2FSQDC4TSBUT.SEARCH&ppt=None&ppn=None&ssid=ulr3gqi0ls0000001658756735101,59,Women High Low Multicolor Dress,4.1,8885,1459,nice dress fabric is okk okk awesome just ill prefer  its awsmjust dnt miss it,0.4718,0.0168682328
6,http://flipkart.com/sheetal-associates-women-bodycon-black-dress/p/itmf435f32b08493?pid=DREGBD3CPMMV5VKY&lid=LSTDREGBD3CPMMV5VKYJTV9RD&marketplace=FLIPKART&store=clo%2Fodx%2Fmaj%2Fjhy&srno=b_1_7&otracker=browse&fm=organic&iid=9f4db607-5fab-4c8e-8f54-49bcaf7d2f85.DREGBD3CPMMV5VKY.SEARCH&ppt=None&ppn=None&ssid=935ax4ah8g0000001658756734118,6,Women Bodycon Black Dress,4,7476,905,superb dress❤️❤️❤️❤️ good product just lit 💜i loved it,1.6647,0.0165947418
19,http://flipkart.com/sheetal-associates-women-bodycon-green-dress/p/itmcdee088e38092?pid=DREGCRXZHPNAQGYZ&lid=LSTDREGCRXZHPNAQGYZMHPBNV&marketplace=FLIPKART&store=clo%2Fodx%2Fmaj%2Fjhy&srno=b_1_22&otracker=browse&fm=organic&iid=en_rku7h9GRtb%2FK8nqva1dotzlyMGaXjHmXKocfnCp9%2F8QQYdrlH4%2FpcAdD314NM93PjC%2BjVZhspILSkk7RMuETUg%3D%3D&ppt=None&ppn=None&ssid=935ax4ah8g0000001658756734118,19,Women Bodycon Green Dress,4,7476,905,superb dress❤️❤️❤️❤️ good product just lit 💜i loved it,1.6647,0.0165947418
23,http://flipkart.com/sheetal-associates-women-bodycon-purple-dress/p/itm19253f71d01dd?pid=DREGCRXZYGFUDHFZ&lid=LSTDREGCRXZYGFUDHFZ7CSVV7&marketplace=FLIPKART&store=clo%2Fodx%2Fmaj%2Fjhy&srno=b_1_26&otracker=browse&fm=organic&iid=9f4db607-5fab-4c8e-8f54-49bcaf7d2f85.DREGCRXZYGFUDHFZ.SEARCH&ppt=None&ppn=None&ssid=935ax4ah8g0000001658756734118,23,Women Bodycon Purple Dress,4,7476,905,superb dress❤️❤️❤️❤️ good product just lit 💜i loved it,1.6647,0.0165947418
50,http://flipkart.com/sheetal-associates-women-bodycon-green-dress/p/itmcdee088e38092?pid=DREGCRXZHPNAQGYZ&lid=LSTDREGCRXZHPNAQGYZMHPBNV&marketplace=FLIPKART&store=clo%2Fodx%2Fmaj%2Fjhy&srno=b_2_58&otracker=browse&fm=organic&iid=en_eF5oaIWBewZUFTqFp6oLahmfwI6xxW2a3XAvnf7viUtBy%2FGq3qV5lvqabAvOBjyNXkJjTfyl%2FDfYDFjHOkpfAA%3D%3D&ppt=None&ppn=None&ssid=ulr3gqi0ls0000001658756735101,50,Women Bodycon Green Dress,4,7476,905,superb dress❤️❤️❤️❤️ good product just lit 💜i loved it,1.6647,0.0165947418
52,http://flipkart.com/sheetal-associates-women-bodycon-black-dress/p/itmf435f32b08493?pid=DREGBD3C2G2GTZVH&lid=LSTDREGBD3C2G2GTZVHSWYTIQ&marketplace=FLIPKART&store=clo%2Fodx%2Fmaj%2Fjhy&srno=b_2_60&otracker=browse&fm=organic&iid=en_eF5oaIWBewZUFTqFp6oLahmfwI6xxW2a3XAvnf7viUthCDAWiAl9iEaufv8%2Fr4YhOoUAbNOLKVAefTWT7l2B4w%3D%3D&ppt=None&ppn=None&ssid=ulr3gqi0ls0000001658756735101,52,Women Bodycon Black Dress,4,7476,905,superb dress❤️❤️❤️❤️ good product just lit 💜i loved it,1.6647,0.0165947418
53,http://flipkart.com/sheetal-associates-women-bodycon-blue-dress/p/itm070cf0ee3c6ad?pid=DREGCRXZC6YJ9PJY&lid=LSTDREGCRXZC6YJ9PJY5QKFM4&marketplace=FLIPKART&store=clo%2Fodx%2Fmaj%2Fjhy&srno=b_2_61&otracker=browse&fm=organic&iid=4f187e50-412d-4000-b0b3-491b071904b8.DREGCRXZC6YJ9PJY.SEARCH&ppt=None&ppn=None&ssid=ulr3gqi0ls0000001658756735101,53,Women Bodycon Blue Dress,4,7476,905,superb dress❤️❤️❤️❤️ good product just lit 💜i loved it,1.6647,0.0165947418
60,http://flipkart.com/sheetal-associates-women-bodycon-purple-dress/p/itm19253f71d01dd?pid=DREGCRXZYQMFBFSG&lid=LSTDREGCRXZYQMFBFSGU0URGL&marketplace=FLIPKART&store=clo%2Fodx%2Fmaj%2Fjhy&srno=b_2_68&otracker=browse&fm=organic&iid=en_eF5oaIWBewZUFTqFp6oLahmfwI6xxW2a3XAvnf7viUujQJ3qU7BcOGOgifQmQgvFMOPDlsInkUzeisjicH0tSA%3D%3D&ppt=None&ppn=None&ssid=ulr3gqi0ls0000001658756735101,60,Women Bodycon Purple Dress,4,7476,905,superb dress❤️❤️❤️❤️ good product just lit 💜i loved it,1.6647,0.0165947418
99,http://flipkart.com/sheetal-associates-women-bodycon-green-dress/p/itmcdee088e38092?pid=DREGCRXZHPNAQGYZ&lid=LSTDREGCRXZHPNAQGYZMHPBNV&marketplace=FLIPKART&store=clo%2Fodx%2Fmaj%2Fjhy&srno=b_3_112&otracker=browse&fm=organic&iid=en_CPNIv7Tri7nhI1%2Fq3TgnKgeYRFTlxJyQV8BpTs26wSXFDRq%2BM4dTwrSlGAcY9YHmXkJjTfyl%2FDfYDFjHOkpfAA%3D%3D&ppt=None&ppn=None&ssid=3253kt4y000000001658756736902,99,Women Bodycon Green Dress,4,7476,905,superb dress❤️❤️❤️❤️ good product just lit 💜i loved it,1.6647,0.0165947418
103,http://flipkart.com/sheetal-associates-women-bodycon-black-dress/p/itmf435f32b08493?pid=DREGBD3C2G2GTZVH&lid=LSTDREGBD3C2G2GTZVHSWYTIQ&marketplace=FLIPKART&store=clo%2Fodx%2Fmaj%2Fjhy&srno=b_3_116&otracker=browse&fm=organic&iid=en_CPNIv7Tri7nhI1%2Fq3TgnKgeYRFTlxJyQV8BpTs26wSWY7b9w2bffK16jgRr%2BwARnOoUAbNOLKVAefTWT7l2B4w%3D%3D&ppt=None&ppn=None&ssid=3253kt4y000000001658756736902,103,Women Bodycon Black Dress,4,7476,905,superb dress❤️❤️❤️❤️ good product just lit 💜i loved it,1.6647,0.0165947418
132,http://flipkart.com/sheetal-associates-women-bodycon-green-dress/p/itmcdee088e38092?pid=DREGCRXZHPNAQGYZ&lid=LSTDREGCRXZHPNAQGYZMHPBNV&marketplace=FLIPKART&store=clo%2Fodx%2Fmaj%2Fjhy&srno=b_4_148&otracker=browse&fm=organic&iid=en_C99HVefgtEX76a1jASv7Mhx8xw8HzL%2Fh2uP9fQRHMLj6uoiQrCBWxv33ObyOimsdXkJjTfyl%2FDfYDFjHOkpfAA%3D%3D&ppt=None&ppn=None&ssid=eyr0hefdxs0000001658756737931,132,Women Bodycon Green Dress,4,7476,905,superb dress❤️❤️❤️❤️ good product just lit 💜i loved it,1.6647,0.0165947418
136,http://flipkart.com/sheetal-associates-women-bodycon-black-dress/p/itmf435f32b08493?pid=DREGBD3C2G2GTZVH&lid=LSTDREGBD3C2G2GTZVHSWYTIQ&marketplace=FLIPKART&store=clo%2Fodx%2Fmaj%2Fjhy&srno=b_4_152&otracker=browse&fm=organic&iid=en_C99HVefgtEX76a1jASv7Mhx8xw8HzL%2Fh2uP9fQRHMLguyQ2ObMj9aigG4EV9HgT3z1IgZaept%2Fzxd%2FEKQRgFDw%3D%3D&ppt=None&ppn=None&ssid=eyr0hefdxs0000001658756737931,136,Women Bodycon Black Dress,4,7476,905,superb dress❤️❤️❤️❤️ good product just lit 💜i loved it,1.6647,0.0165947418
144,http://flipkart.com/sheetal-associates-women-bodycon-purple-dress/p/itm19253f71d01dd?pid=DREGCRXZYQMFBFSG&lid=LSTDREGCRXZYQMFBFSGU0URGL&marketplace=FLIPKART&store=clo%2Fodx%2Fmaj%2Fjhy&srno=b_4_160&otracker=browse&fm=organic&iid=en_C99HVefgtEX76a1jASv7Mhx8xw8HzL%2Fh2uP9fQRHMLisYl4wtcg3r8Jmvg2ia388MOPDlsInkUzeisjicH0tSA%3D%3D&ppt=None&ppn=None&ssid=eyr0hefdxs0000001658756737931,144,Women Bodycon Purple Dress,4,7476,905,superb dress❤️❤️❤️❤️ good product just lit 💜i loved it,1.6647,0.0165947418
182,http://flipkart.com/sheetal-associates-women-bodycon-green-dress/p/itmcdee088e38092?pid=DREGCRXZHPNAQGYZ&lid=LSTDREGCRXZHPNAQGYZMHPBNV&marketplace=FLIPKART&store=clo%2Fodx%2Fmaj%2Fjhy&srno=b_5_200&otracker=browse&fm=organic&iid=en_hlZBYjMhjxrzD012Wn83cXGcpLdKp19pNGvkkvOwKhu9U4pMorCNpgNkzXRR2RSVjC%2BjVZhspILSkk7RMuETUg%3D%3D&ppt=None&ppn=None&ssid=vtbp9w2e2o0000001658756739007,182,Women Bodycon Green Dress,4,7476,905,superb dress❤️❤️❤️❤️ good product just lit 💜i loved it,1.6647,0.0165947418
203,http://flipkart.com/sheetal-associates-women-bodycon-green-dress/p/itmcdee088e38092?pid=DREGCRXZHPNAQGYZ&lid=LSTDREGCRXZHPNAQGYZMHPBNV&marketplace=FLIPKART&store=clo%2Fodx%2Fmaj%2Fjhy&srno=b_6_224&otracker=browse&fm=organic&iid=en_rGmQh6SQt%2FnCusYCCzlvyxfLKCqlzjo%2FLFWZdUWNQJCv45yy7LbAGMA6vTACqu9%2FXkJjTfyl%2FDfYDFjHOkpfAA%3D%3D&ppt=None&ppn=None&ssid=gbo1wgpztc0000001658756740571,203,Women Bodycon Green Dress,4,7476,905,superb dress❤️❤️❤️❤️ good product just lit 💜i loved it,1.6647,0.0165947418
207,http://flipkart.com/sheetal-associates-women-bodycon-black-dress/p/itmf435f32b08493?pid=DREGBD3C2G2GTZVH&lid=LSTDREGBD3C2G2GTZVHSWYTIQ&marketplace=FLIPKART&store=clo%2Fodx%2Fmaj%2Fjhy&srno=b_6_228&otracker=browse&fm=organic&iid=en_rGmQh6SQt%2FnCusYCCzlvyxfLKCqlzjo%2FLFWZdUWNQJBDkOR0bNYINE6U6D8DNZIYOoUAbNOLKVAefTWT7l2B4w%3D%3D&ppt=None&ppn=None&ssid=gbo1wgpztc0000001658756740571,207,Women Bodycon Black Dress,4,7476,905,superb dress❤️❤️❤️❤️ good product just lit 💜i loved it,1.6647,0.0165947418
211,http://flipkart.com/sheetal-associates-women-bodycon-purple-dress/p/itm19253f71d01dd?pid=DREGCRXZYQMFBFSG&lid=LSTDREGCRXZYQMFBFSGU0URGL&marketplace=FLIPKART&store=clo%2Fodx%2Fmaj%2Fjhy&srno=b_6_232&otracker=browse&fm=organic&iid=en_rGmQh6SQt%2FnCusYCCzlvyxfLKCqlzjo%2FLFWZdUWNQJB47KmR1MadEETNkUlMEFutJbhM8RjKmLR49P%2BSDg2BCA%3D%3D&ppt=None&ppn=None&ssid=gbo1wgpztc0000001658756740571,211,Women Bodycon Purple Dress,4,7476,905,superb dress❤️❤️❤️❤️ good product just lit 💜i loved it,1.6647,0.0165947418
245,http://flipkart.com/sheetal-associates-women-bodycon-green-dress/p/itmcdee088e38092?pid=DREGCRXZHPNAQGYZ&lid=LSTDREGCRXZHPNAQGYZMHPBNV&marketplace=FLIPKART&store=clo%2Fodx%2Fmaj%2Fjhy&srno=b_7_268&otracker=browse&fm=organic&iid=en_9%2BmzLsy51trwHAvJ2DwswImedrLP9p1GeogpBJTkD0ODZxW8ZHf2ke%2FVp5FibsRqXkJjTfyl%2FDfYDFjHOkpfAA%3D%3D&ppt=None&ppn=None&ssid=xtqx69xdo00000001658756741660,245,Women Bodycon Green Dress,4,7476,905,superb dress❤️❤️❤️❤️ good product just lit 💜i loved it,1.6647,0.0165947418
249,http://flipkart.com/sheetal-associates-women-bodycon-black-dress/p/itmf435f32b08493?pid=DREGBD3C2G2GTZVH&lid=LSTDREGBD3C2G2GTZVHSWYTIQ&marketplace=FLIPKART&store=clo%2Fodx%2Fmaj%2Fjhy&srno=b_7_272&otracker=browse&fm=organic&iid=en_9%2BmzLsy51trwHAvJ2DwswImedrLP9p1GeogpBJTkD0NdroWIgmqBBPLIb%2BwXoY1wOoUAbNOLKVAefTWT7l2B4w%3D%3D&ppt=None&ppn=None&ssid=xtqx69xdo00000001658756741660,249,Women Bodycon Black Dress,4,7476,905,superb dress❤️❤️❤️❤️ good product just lit 💜i loved it,1.6647,0.0165947418
257,http://flipkart.com/sheetal-associates-women-bodycon-purple-dress/p/itm19253f71d01dd?pid=DREGCRXZYQMFBFSG&lid=LSTDREGCRXZYQMFBFSGU0URGL&marketplace=FLIPKART&store=clo%2Fodx%2Fmaj%2Fjhy&srno=b_7_280&otracker=browse&fm=organic&iid=en_9%2BmzLsy51trwHAvJ2DwswImedrLP9p1GeogpBJTkD0MpEYCHrQiDb003cXxtpZNrMOPDlsInkUzeisjicH0tSA%3D%3D&ppt=None&ppn=None&ssid=xtqx69xdo00000001658756741660,257,Women Bodycon Purple Dress,4,7476,905,superb dress❤️❤️❤️❤️ good product just lit 💜i loved it,1.6647,0.0165947418
282,http://flipkart.com/sheetal-associates-women-bodycon-green-dress/p/itmcdee088e38092?pid=DREGCRXZHPNAQGYZ&lid=LSTDREGCRXZHPNAQGYZMHPBNV&marketplace=FLIPKART&store=clo%2Fodx%2Fmaj%2Fjhy&srno=b_8_308&otracker=browse&fm=organic&iid=en_4NHvBEWQTX%2B1pNk6x%2Fegt07vDvSCtsMRfD36wl799tjv2LRP5hYgii1A19UiYyf%2FXkJjTfyl%2FDfYDFjHOkpfAA%3D%3D&ppt=None&ppn=None&ssid=4gx8zex8e80000001658756742655,282,Women Bodycon Green Dress,4,7476,905,superb dress❤️❤️❤️❤️ good product just lit 💜i loved it,1.6647,0.0165947418
286,http://flipkart.com/sheetal-associates-women-bodycon-black-dress/p/itmf435f32b08493?pid=DREGBD3C2G2GTZVH&lid=LSTDREGBD3C2G2GTZVHSWYTIQ&marketplace=FLIPKART&store=clo%2Fodx%2Fmaj%2Fjhy&srno=b_8_312&otracker=browse&fm=organic&iid=en_4NHvBEWQTX%2B1pNk6x%2Fegt07vDvSCtsMRfD36wl799tiadTla0IIo4Ee1eSZquz2OiPbRdyIPwiQvDZzoeZIZhg%3D%3D&ppt=None&ppn=None&ssid=4gx8zex8e80000001658756742655,286,Women Bodycon Black Dress,4,7476,905,superb dress❤️❤️❤️❤️ good product just lit 💜i loved it,1.6647,0.0165947418
318,http://flipkart.com/sheetal-associates-women-bodycon-green-dress/p/itmcdee088e38092?pid=DREGCRXZHPNAQGYZ&lid=LSTDREGCRXZHPNAQGYZMHPBNV&marketplace=FLIPKART&store=clo%2Fodx%2Fmaj%2Fjhy&srno=b_9_348&otracker=browse&fm=organic&iid=en_YR0nD3xAyVWf5dNuT7RPJr1WhBj9S5Uldsgv9yufQlk30HDzq80c9Jyqc5nNWoBsXkJjTfyl%2FDfYDFjHOkpfAA%3D%3D&ppt=None&ppn=None&ssid=addztmnj2o0000001658756744894,318,Women Bodycon Green Dress,4,7476,905,superb dress❤️❤️❤️❤️ good product just lit 💜i loved it,1.6647,0.0165947418
322,http://flipkart.com/sheetal-associates-women-bodycon-black-dress/p/itmf435f32b08493?pid=DREGBD3C2G2GTZVH&lid=LSTDREGBD3C2G2GTZVHSWYTIQ&marketplace=FLIPKART&store=clo%2Fodx%2Fmaj%2Fjhy&srno=b_9_352&otracker=browse&fm=organic&iid=en_YR0nD3xAyVWf5dNuT7RPJr1WhBj9S5Uldsgv9yufQlkO69fKw0WTkkdVn%2BrlS%2FemOoUAbNOLKVAefTWT7l2B4w%3D%3D&ppt=None&ppn=None&ssid=addztmnj2o0000001658756744894,322,Women Bodycon Black Dress,4,7476,905,superb dress❤️❤️❤️❤️ good product just lit 💜i loved it,1.6647,0.0165947418
326,http://flipkart.com/sheetal-associates-women-bodycon-purple-dress/p/itm19253f71d01dd?pid=DREGCRXZYQMFBFSG&lid=LSTDREGCRXZYQMFBFSGU0URGL&marketplace=FLIPKART&store=clo%2Fodx%2Fmaj%2Fjhy&srno=b_9_356&otracker=browse&fm=organic&iid=en_YR0nD3xAyVWf5dNuT7RPJr1WhBj9S5Uldsgv9yufQlnQUWo3d%2FLTkfZw1QkeTpepJbhM8RjKmLR49P%2BSDg2BCA%3D%3D&ppt=None&ppn=None&ssid=addztmnj2o0000001658756744894,326,Women Bodycon Purple Dress,4,7476,905,superb dress❤️❤️❤️❤️ good product just lit 💜i loved it,1.6647,0.0165947418
355,http://flipkart.com/sheetal-associates-women-bodycon-green-dress/p/itmcdee088e38092?pid=DREGCRXZHPNAQGYZ&lid=LSTDREGCRXZHPNAQGYZMHPBNV&marketplace=FLIPKART&store=clo%2Fodx%2Fmaj%2Fjhy&srno=b_10_388&otracker=browse&fm=organic&iid=en_HuDUzw5bUJMADomwPz337D3siJ3jsMe%2FwZLDzWEtbn2mwJcYhGmE2bQcqhymlfmQXkJjTfyl%2FDfYDFjHOkpfAA%3D%3D&ppt=None&ppn=None&ssid=7rgz4b6q000000001658756745981,355,Women Bodycon Green Dress,4,7476,905,superb dress❤️❤️❤️❤️ good product just lit 💜i loved it,1.6647,0.0165947418
359,http://flipkart.com/sheetal-associates-women-bodycon-black-dress/p/itmf435f32b08493?pid=DREGBD3C2G2GTZVH&lid=LSTDREGBD3C2G2GTZVHSWYTIQ&marketplace=FLIPKART&store=clo%2Fodx%2Fmaj%2Fjhy&srno=b_10_392&otracker=browse&fm=organic&iid=en_HuDUzw5bUJMADomwPz337D3siJ3jsMe%2FwZLDzWEtbn3GUWIdujq%2FhPOr80IAJ1EAiPbRdyIPwiQvDZzoeZIZhg%3D%3D&ppt=None&ppn=None&ssid=7rgz4b6q000000001658756745981,359,Women Bodycon Black Dress,4,7476,905,superb dress❤️❤️❤️❤️ good product just lit 💜i loved it,1.6647,0.0165947418
26,http://flipkart.com/aahwan-women-fit-flare-blue-dress/p/itm56234330c5b37?pid=DREGAB7F7GBMTMTG&lid=LSTDREGAB7F7GBMTMTGMRJ42B&marketplace=FLIPKART&store=clo%2Fodx%2Fmaj%2Fjhy&srno=b_1_30&otracker=browse&fm=organic&iid=9f4db607-5fab-4c8e-8f54-49bcaf7d2f85.DREGAB7F7GBMTMTG.SEARCH&ppt=None&ppn=None&ssid=935ax4ah8g0000001658756734118,26,Women Fit and Flare Blue Dress,4,5483,533,l size fits perfectly the material is soft and doesnt poke unnecessarilythe length is proper to be cute lil dresswe can style it in different ways possible can wear a pretty crop top on or wear a jeans underlooks superb im happy with the product ☺️✨❤️ beautiful dress,4.6955,0.0162501523
263,http://flipkart.com/aahwan-women-fit-flare-red-dress/p/itm29884569f6006?pid=DREGAB7FYYFFQMZX&lid=LSTDREGAB7FYYFFQMZXNGRJBH&marketplace=FLIPKART&store=clo%2Fodx%2Fmaj%2Fjhy&srno=b_8_286&otracker=browse&fm=organic&iid=5f63d83d-9940-40b4-ac45-834eaaf2387a.DREGAB7FYYFFQMZX.SEARCH&ppt=None&ppn=None&ssid=4gx8zex8e80000001658756742655,263,Women Fit and Flare Red Dress,4,5483,533,l size fits perfectly the material is soft and doesnt poke unnecessarilythe length is proper to be cute lil dresswe can style it in different ways possible can wear a pretty crop top on or wear a jeans underlooks superb im happy with the product ☺️✨❤️ beautiful dress,4.6955,0.0162501523
33,http://flipkart.com/shivam-creation-women-a-line-white-black-dress/p/itmdd6b966e4617f?pid=DREFFZ3UDZGMFGPP&lid=LSTDREFFZ3UDZGMFGPPQIEVD1&marketplace=FLIPKART&store=clo%2Fodx%2Fmaj%2Fjhy&srno=b_1_37&otracker=browse&fm=organic&iid=en_rku7h9GRtb%2FK8nqva1dotzlyMGaXjHmXKocfnCp9%2F8Thtvn4un9aFUIs55Ddf%2Fo%2B%2F28e6tJtc4TyUNf1JIVDrQ%3D%3D&ppt=None&ppn=None&ssid=935ax4ah8g0000001658756734118,33,"Women A-line White, Black Dress",3.7,3317,565,really suparb gown nd quality wise great thnku flipkart for amazing products ❤️🤗 out of many dresses ive bought this is one of the best its just superb the material is soft the color of the black is rich deep black and design is simple but elegant the length is also floor length worth buying more than satisfied thank u flipcart delivery is also quite fast awesome perfect fitting i ❤this,6.6107,0.0159067171
106,http://flipkart.com/selvia-women-bodycon-black-dress/p/itmba29ffecb9185?pid=DREGYFMVTG4KEDGZ&lid=LSTDREGYFMVTG4KEDGZHRCIW1&marketplace=FLIPKART&store=clo%2Fodx%2Fmaj%2Fjhy&srno=b_3_119&otracker=browse&fm=organic&iid=518e877b-2c85-48a1-b683-3dc7f39eb17a.DREGYFMVTG4KEDGZ.SEARCH&ppt=None&ppn=None&ssid=3253kt4y000000001658756736902,106,Women Bodycon Black Dress,3.8,6608,707,awesome 😍😍😍material is good not transparent it fits nicely osm dress according to price,2.3459,0.0150830165
116,http://flipkart.com/selvia-women-bodycon-black-dress/p/itmba29ffecb9185?pid=DREGYFMVTG4KEDGZ&lid=LSTDREGYFMVTG4KEDGZHRCIW1&marketplace=FLIPKART&store=clo%2Fodx%2Fmaj%2Fjhy&srno=b_4_131&otracker=browse&fm=organic&iid=475b9e0f-e2fa-443e-9c2e-3bffb00fcde6.DREGYFMVTG4KEDGZ.SEARCH&ppt=None&ppn=None&ssid=eyr0hefdxs0000001658756737931,116,Women Bodycon Black Dress,3.8,6608,707,awesome 😍😍😍material is good not transparent it fits nicely osm dress according to price,2.3459,0.0150830165
346,http://flipkart.com/addyvero-women-skater-black-dress/p/itmfachryufmu5hz?pid=DREFACGKC8GPHFGY&lid=LSTDREFACGKC8GPHFGYPVGODT&marketplace=FLIPKART&store=clo%2Fodx%2Fmaj%2Fjhy&srno=b_10_377&otracker=browse&fm=organic&iid=059e3c9c-55a2-4fb4-b8bb-8450b82447a7.DREFACGKC8GPHFGY.SEARCH&ppt=None&ppn=None&ssid=7rgz4b6q000000001658756745981,346,Women Skater Black Dress,4.2,5387,676,osm product and i loved this❤️😍 good dress😍u can purchase❤️loved it it’s worthy 😍cutest dress  i ever got👗,2.8566,0.0148646867
181,http://flipkart.com/darzi-women-maxi-multicolor-dress/p/itm1aa7ca494ac06?pid=DREFSQT7GDFUNYZQ&lid=LSTDREFSQT7GDFUNYZQVHKFCD&marketplace=FLIPKART&store=clo%2Fodx%2Fmaj%2Fjhy&srno=b_5_199&otracker=browse&fm=organic&iid=9db22210-7319-4f31-8a7d-13cb2f0edf9f.DREFSQT7GDFUNYZQ.SEARCH&ppt=None&ppn=None&ssid=vtbp9w2e2o0000001658756739007,181,Women Maxi Multicolor Dress,3.9,5735,818,best product nice dress 👍🏻 good stuff😊,2.2172,0.0144164772
195,http://flipkart.com/darzi-women-maxi-multicolor-dress/p/itm1aa7ca494ac06?pid=DREFSQT7GDFUNYZQ&lid=LSTDREFSQT7GDFUNYZQVHKFCD&marketplace=FLIPKART&store=clo%2Fodx%2Fmaj%2Fjhy&srno=b_6_214&otracker=browse&fm=organic&iid=0f40640d-1f08-4370-8215-c3638c9d9b71.DREFSQT7GDFUNYZQ.SEARCH&ppt=None&ppn=None&ssid=gbo1wgpztc0000001658756740571,195,Women Maxi Multicolor Dress,3.9,5735,818,best product nice dress 👍🏻 good stuff😊,2.2172,0.0144164772
231,http://flipkart.com/selvia-women-bodycon-brown-dress/p/itm8f70a1349d301?pid=DREGYFJ8GEYFCGCW&lid=LSTDREGYFJ8GEYFCGCWU8AQSX&marketplace=FLIPKART&store=clo%2Fodx%2Fmaj%2Fjhy&srno=b_7_253&otracker=browse&fm=organic&iid=498d350b-fe93-4a21-a700-ed1f1254a687.DREGYFJ8GEYFCGCW.SEARCH&ppt=None&ppn=None&ssid=xtqx69xdo00000001658756741660,231,Women Bodycon Brown Dress,4,4796,590,thanks flipkart  im so happy so beautiful 😍 colour awesome dress go for it girls very comfortable and nice fitting,3.6275,0.0140713632
12,http://flipkart.com/hiva-trendz-women-fit-flare-multicolor-dress/p/itm514fe550f4c15?pid=DREG3QDFFZG8KPHV&lid=LSTDREG3QDFFZG8KPHVCCUNUA&marketplace=FLIPKART&store=clo%2Fodx%2Fmaj%2Fjhy&srno=b_1_14&otracker=browse&fm=organic&iid=9f4db607-5fab-4c8e-8f54-49bcaf7d2f85.DREG3QDFFZG8KPHV.SEARCH&ppt=None&ppn=None&ssid=935ax4ah8g0000001658756734118,12,Women Fit and Flare Multicolor Dress,4,5822,565,very nice dress 👍 thanku so much  the colour is same nice product 🤗🤗🤗🤗🤗 nyc tops,2.2722,0.0132459387
32,http://flipkart.com/hiva-trendz-women-fit-flare-multicolor-dress/p/itm0e4969da8ca02?pid=DREG3QDFNKVUUN2G&lid=LSTDREG3QDFNKVUUN2GYMTJYP&marketplace=FLIPKART&store=clo%2Fodx%2Fmaj%2Fjhy&srno=b_1_36&otracker=browse&fm=organic&iid=9f4db607-5fab-4c8e-8f54-49bcaf7d2f85.DREG3QDFNKVUUN2G.SEARCH&ppt=None&ppn=None&ssid=935ax4ah8g0000001658756734118,32,Women Fit and Flare Multicolor Dress,4,5822,565,very nice dress 👍 thanku so much  the colour is same nice product 🤗🤗🤗🤗🤗 nyc tops,2.2722,0.0132459387
353,http://flipkart.com/surhi-women-maxi-yellow-dress/p/itmb696d92c47a77?pid=DREFZG5RCHGWM9SJ&lid=LSTDREFZG5RCHGWM9SJQDM0EM&marketplace=FLIPKART&store=clo%2Fodx%2Fmaj%2Fjhy&srno=b_10_386&otracker=browse&fm=organic&iid=059e3c9c-55a2-4fb4-b8bb-8450b82447a7.DREFZG5RCHGWM9SJ.SEARCH&ppt=None&ppn=None&ssid=7rgz4b6q000000001658756745981,353,Women Maxi Yellow Dress,3.8,5751,617,nice dress for haldi function very nice and soft😘😘😘😘 good but without sleeve,2.1641,0.0128110982
94,http://flipkart.com/sheetal-associates-women-bodycon-blue-dress/p/itma8ac70fedcc4c?pid=DREG7ACTUHQGX4ZD&lid=LSTDREG7ACTUHQGX4ZDEVLH4V&marketplace=FLIPKART&store=clo%2Fodx%2Fmaj%2Fjhy&srno=b_3_106&otracker=browse&fm=organic&iid=518e877b-2c85-48a1-b683-3dc7f39eb17a.DREG7ACTUHQGX4ZD.SEARCH&ppt=None&ppn=None&ssid=3253kt4y000000001658756736902,94,Women Bodycon Blue Dress,4.1,4104,480,just awesome😍❣️i have for my birthday partynd literally its awesomego for it ❣️❣️ beautiful dress 👗👗🥰 amazing ✨🌹,4.0726,0.0125686765
176,http://flipkart.com/sheetal-associates-women-bodycon-black-dress/p/itmd391e52dbb84c?pid=DREG7AD8ZSFACVVN&lid=LSTDREG7AD8ZSFACVVNNXTWOK&marketplace=FLIPKART&store=clo%2Fodx%2Fmaj%2Fjhy&srno=b_5_194&otracker=browse&fm=organic&iid=9db22210-7319-4f31-8a7d-13cb2f0edf9f.DREG7AD8ZSFACVVN.SEARCH&ppt=None&ppn=None&ssid=vtbp9w2e2o0000001658756739007,176,Women Bodycon Black Dress,4.1,4104,480,just awesome😍❣️i have for my birthday partynd literally its awesomego for it ❣️❣️ beautiful dress 👗👗🥰 amazing ✨🌹,4.0726,0.0125686765
206,http://flipkart.com/sheetal-associates-women-bodycon-maroon-dress/p/itm2b75db971509e?pid=DREG7ACSMBGZNCZS&lid=LSTDREG7ACSMBGZNCZSHRWSAF&marketplace=FLIPKART&store=clo%2Fodx%2Fmaj%2Fjhy&srno=b_6_227&otracker=browse&fm=organic&iid=0f40640d-1f08-4370-8215-c3638c9d9b71.DREG7ACSMBGZNCZS.SEARCH&ppt=None&ppn=None&ssid=gbo1wgpztc0000001658756740571,206,Women Bodycon Maroon Dress,4.1,4104,480,just awesome😍❣️i have for my birthday partynd literally its awesomego for it ❣️❣️ beautiful dress 👗👗🥰 amazing ✨🌹,4.0726,0.0125686765
84,http://flipkart.com/sheetal-associates-women-a-line-black-dress/p/itm4ff6d4d68cba5?pid=DREFZSEAYZMB7DHD&lid=LSTDREFZSEAYZMB7DHDLV00KB&marketplace=FLIPKART&store=clo%2Fodx%2Fmaj%2Fjhy&srno=b_3_95&otracker=browse&fm=organic&iid=518e877b-2c85-48a1-b683-3dc7f39eb17a.DREFZSEAYZMB7DHD.SEARCH&ppt=None&ppn=None&ssid=3253kt4y000000001658756736902,84,Women A-line Black Dress,4,3483,456,what a beautiful dress 😍absolutely loved it 🥰 material is good comfort to wear nce clr nd sm clr as shown in picture perfect size  material is very good loved it,4.8783,0.0121750233
83,http://flipkart.com/selvia-women-gathered-green-dress/p/itm5b20813613460?pid=DREFZQHUJPUTPCEX&lid=LSTDREFZQHUJPUTPCEXLZXLCD&marketplace=FLIPKART&store=clo%2Fodx%2Fmaj%2Fjhy&srno=b_3_94&otracker=browse&fm=organic&iid=518e877b-2c85-48a1-b683-3dc7f39eb17a.DREFZQHUJPUTPCEX.SEARCH&ppt=None&ppn=None&ssid=3253kt4y000000001658756736902,83,Women Gathered Green Dress,3.9,4561,592,really love this dress 😍❤ loved this dress delivered before expected time and colour and material everything is same as shown in the pic really happy with this product and i recommend you to purchase it without any doubt worth of money go for it supperb,2.8365,0.0121564322
300,http://flipkart.com/harpa-women-fit-flare-multicolor-dress/p/itm6b5dc897dd6b8?pid=DREES5AG28PD3TXM&lid=LSTDREES5AG28PD3TXMM6YA5X&marketplace=FLIPKART&store=clo%2Fodx%2Fmaj%2Fjhy&srno=b_9_327&otracker=browse&fm=organic&iid=5e78f7a3-22ff-4166-bd37-1a923266d9fe.DREES5AG28PD3TXM.SEARCH&ppt=None&ppn=None&ssid=addztmnj2o0000001658756744894,300,Women Fit and Flare Multicolor Dress,4.3,4089,726,it is a good quality dress it has a stitch ringing right in the middle of the flair which makes it look inexpensive but it is great for the prince range awesome really very nice dress,2.1117,0.0116463039
8,http://flipkart.com/selvia-women-sheath-purple-dress/p/itm2fb61dc726593?pid=DREGABBRCU35PAPW&lid=LSTDREGABBRCU35PAPWJAA372&marketplace=FLIPKART&store=clo%2Fodx%2Fmaj%2Fjhy&srno=b_1_9&otracker=browse&fm=organic&iid=9f4db607-5fab-4c8e-8f54-49bcaf7d2f85.DREGABBRCU35PAPW.SEARCH&ppt=None&ppn=None&ssid=935ax4ah8g0000001658756734118,8,Women Sheath Purple Dress,4.3,4268,549,awesome outfit at this price ☺️🤩 it’s amazing nice dress 😍,2.5499,0.0115715312
13,http://flipkart.com/selvia-women-sheath-black-dress/p/itm33d22dab2dba7?pid=DREGAC3Z82GZEAZY&lid=LSTDREGAC3Z82GZEAZYOEOWFL&marketplace=FLIPKART&store=clo%2Fodx%2Fmaj%2Fjhy&srno=b_1_15&otracker=browse&fm=organic&iid=9f4db607-5fab-4c8e-8f54-49bcaf7d2f85.DREGAC3Z82GZEAZY.SEARCH&ppt=None&ppn=None&ssid=935ax4ah8g0000001658756734118,13,Women Sheath Black Dress,4.3,4268,549,awesome outfit at this price ☺️🤩 it’s amazing nice dress 😍,2.5499,0.0115715312
67,http://flipkart.com/selvia-women-sheath-dark-blue-dress/p/itm8ae89ec8d7640?pid=DREGABBRFGZ89QKN&lid=LSTDREGABBRFGZ89QKN7DT6GB&marketplace=FLIPKART&store=clo%2Fodx%2Fmaj%2Fjhy&srno=b_2_77&otracker=browse&fm=organic&iid=4f187e50-412d-4000-b0b3-491b071904b8.DREGABBRFGZ89QKN.SEARCH&ppt=None&ppn=None&ssid=ulr3gqi0ls0000001658756735101,67,Women Sheath Dark Blue Dress,4.3,4268,549,awesome outfit at this price ☺️🤩 it’s amazing nice dress 😍,2.5499,0.0115715312
184,http://flipkart.com/selvia-women-sheath-light-green-dress/p/itm26298ded2740b?pid=DREGABBRGGZY9ZTY&lid=LSTDREGABBRGGZY9ZTYHFBIPI&marketplace=FLIPKART&store=clo%2Fodx%2Fmaj%2Fjhy&srno=b_6_202&otracker=browse&fm=organic&iid=0f40640d-1f08-4370-8215-c3638c9d9b71.DREGABBRGGZY9ZTY.SEARCH&ppt=None&ppn=None&ssid=gbo1wgpztc0000001658756740571,184,Women Sheath Light Green Dress,4.3,4268,549,awesome outfit at this price ☺️🤩 it’s amazing nice dress 😍,2.5499,0.0115715312
129,http://flipkart.com/fashion2wear-women-maxi-multicolor-dress/p/itm4c9a2d9a299b1?pid=DREFV6GSHUPAUAEZ&lid=LSTDREFV6GSHUPAUAEZPV7VAS&marketplace=FLIPKART&store=clo%2Fodx%2Fmaj%2Fjhy&srno=b_4_145&otracker=browse&fm=organic&iid=475b9e0f-e2fa-443e-9c2e-3bffb00fcde6.DREFV6GSHUPAUAEZ.SEARCH&ppt=None&ppn=None&ssid=eyr0hefdxs0000001658756737931,129,Women Maxi Multicolor Dress,3.8,6654,765,out look is gud but to length colour print and style is too good my husband buy this for megreat qualityloved this,0.4404,0.0112971551
169,http://flipkart.com/aahwan-women-bodycon-maroon-dress/p/itme97f4b6131489?pid=DREG32XYMKQ2HJGH&lid=LSTDREG32XYMKQ2HJGHCYKPEC&marketplace=FLIPKART&store=clo%2Fodx%2Fmaj%2Fjhy&srno=b_5_186&otracker=browse&fm=organic&iid=9db22210-7319-4f31-8a7d-13cb2f0edf9f.DREG32XYMKQ2HJGH.SEARCH&ppt=None&ppn=None&ssid=vtbp9w2e2o0000001658756739007,169,Women Bodycon Maroon Dress,3.8,3541,338,dress is really very good and is comfortable it fits me well at this price range its awesome such an appropriate fiting and overall fits and makes me feel so good about my body  i absolutely feel so nice and quality is just superb loved the dress it looks so classy i ordered it for my birthday and it made my day at this price the quality is amazing i am very happy with the purchase,5.5335,0.0109471161
232,http://flipkart.com/libas-women-ethnic-dress-blue/p/itm872bc281e6dfa?pid=KTAFUSEJ2QZPZBKQ&lid=LSTKTAFUSEJ2QZPZBKQADUMBV&marketplace=FLIPKART&store=clo%2Fodx%2Fmaj%2Fjhy&srno=b_7_254&otracker=browse&fm=organic&iid=498d350b-fe93-4a21-a700-ed1f1254a687.KTAFUSEJ2QZPZBKQ.SEARCH&ppt=None&ppn=None&ssid=xtqx69xdo00000001658756741660,232,Women Ethnic Dress Blue Dress,4.4,3968,488,best dress love it it is fabulous 💫❣️,2.3111,0.0104131438
242,http://flipkart.com/harpa-women-wrap-black-dress/p/itmf3vd454mpzzuu?pid=DREEDTEZFA7NUYHD&lid=LSTDREEDTEZFA7NUYHDTYRTRS&marketplace=FLIPKART&store=clo%2Fodx%2Fmaj%2Fjhy&srno=b_7_265&otracker=browse&fm=organic&iid=498d350b-fe93-4a21-a700-ed1f1254a687.DREEDTEZFA7NUYHD.SEARCH&ppt=None&ppn=None&ssid=xtqx69xdo00000001658756741660,242,Women Wrap Black Dress,3.7,3503,538,awesome😍 its good little faded after wash has deep name but looks pretty awesome and classy product😍,3.2548,0.0103973280
135,http://flipkart.com/rigo-women-fit-flare-black-dress/p/itmemacyhgnh3v4s?pid=DREEMACYKEJVBBVV&lid=LSTDREEMACYKEJVBBVVEEJ0YC&marketplace=FLIPKART&store=clo%2Fodx%2Fmaj%2Fjhy&srno=b_4_151&otracker=browse&fm=organic&iid=475b9e0f-e2fa-443e-9c2e-3bffb00fcde6.DREEMACYKEJVBBVV.SEARCH&ppt=None&ppn=None&ssid=eyr0hefdxs0000001658756737931,135,Women Fit and Flare Black Dress,4,3226,527,love it 🎀🥇 love the material nice dress in this range 😍 love it,3.2677,0.0102893884
75,http://flipkart.com/dyrectdeals-women-bodycon-green-dress/p/itm1e93bdc6fcb7a?pid=DREGYRHJZUJGQUY4&lid=LSTDREGYRHJZUJGQUY4OEBSRH&marketplace=FLIPKART&store=clo%2Fodx%2Fmaj%2Fjhy&srno=b_3_85&otracker=browse&fm=organic&iid=518e877b-2c85-48a1-b683-3dc7f39eb17a.DREGYRHJZUJGQUY4.SEARCH&ppt=None&ppn=None&ssid=3253kt4y000000001658756736902,75,Women Bodycon Green Dress,4.1,4239,502,its nice but needs little alteration green colour is beautiful nice dress its nice,1.8639,0.0098200480
335,http://flipkart.com/aahwan-women-bodycon-red-dress/p/itm3d72ddcf891ea?pid=DREG5YUWZHPJXXZN&lid=LSTDREG5YUWZHPJXXZNADTJGN&marketplace=FLIPKART&store=clo%2Fodx%2Fmaj%2Fjhy&srno=b_10_365&otracker=browse&fm=organic&iid=059e3c9c-55a2-4fb4-b8bb-8450b82447a7.DREG5YUWZHPJXXZN.SEARCH&ppt=None&ppn=None&ssid=7rgz4b6q000000001658756745981,335,Women Bodycon Red Dress,4,3469,363,amazing dress i just loved it 👗😍 must buy it🥰❤️ comfortable she loved the quality and the fit ,3.9227,0.0098157683
30,http://flipkart.com/god-bless-women-fit-flare-pink-dress/p/itmca41c2b4f63d8?pid=DREFUSHFQABHYSHT&lid=LSTDREFUSHFQABHYSHTYDLSMU&marketplace=FLIPKART&store=clo%2Fodx%2Fmaj%2Fjhy&srno=b_1_34&otracker=browse&fm=organic&iid=9f4db607-5fab-4c8e-8f54-49bcaf7d2f85.DREFUSHFQABHYSHT.SEARCH&ppt=None&ppn=None&ssid=935ax4ah8g0000001658756734118,30,Women Fit and Flare Pink Dress,4.2,3463,466,loved it😍🤩 beautiful dress 😍 nyc product👌,2.8461,0.0098034832
168,http://flipkart.com/god-bless-women-fit-flare-blue-dress/p/itm05bb7acc73405?pid=DREFMHTNXYBZFKEH&lid=LSTDREFMHTNXYBZFKEHW2GRPZ&marketplace=FLIPKART&store=clo%2Fodx%2Fmaj%2Fjhy&srno=b_5_185&otracker=browse&fm=organic&iid=9db22210-7319-4f31-8a7d-13cb2f0edf9f.DREFMHTNXYBZFKEH.SEARCH&ppt=None&ppn=None&ssid=vtbp9w2e2o0000001658756739007,168,Women Fit and Flare Blue Dress,4.2,3463,466,loved it😍🤩 beautiful dress 😍 nyc product👌,2.8461,0.0098034832
24,http://flipkart.com/sheetal-associates-women-bodycon-green-dress/p/itm07a2d985c096a?pid=DREG7T9ZZ9UUFZ4A&lid=LSTDREG7T9ZZ9UUFZ4ANVK9VR&marketplace=FLIPKART&store=clo%2Fodx%2Fmaj%2Fjhy&srno=b_1_28&otracker=browse&fm=organic&iid=en_rku7h9GRtb%2FK8nqva1dotzlyMGaXjHmXKocfnCp9%2F8QnUVQkxTePcyONKELXP0WaoWrFKkDsg1zyVSdx9X8ejQ%3D%3D&ppt=None&ppn=None&ssid=935ax4ah8g0000001658756734118,24,Women Bodycon Green Dress,4,3673,463,its very pretty dress 😊😍 good product wow,2.3604,0.0091823898
34,http://flipkart.com/sheetal-associates-women-bodycon-purple-dress/p/itm8727bf7514567?pid=DREG2VMEUFGEFZZR&lid=LSTDREG2VMEUFGEFZZRLXJZT1&marketplace=FLIPKART&store=clo%2Fodx%2Fmaj%2Fjhy&srno=b_1_38&otracker=browse&fm=organic&iid=en_rku7h9GRtb%2FK8nqva1dotzlyMGaXjHmXKocfnCp9%2F8QOCj7wTvC%2Be33QP8ECW45Hp5g53EvKZoyfYxYgIlBnBA%3D%3D&ppt=None&ppn=None&ssid=935ax4ah8g0000001658756734118,34,Women Bodycon Purple Dress,4.3,2930,370,love it omg mind blowing purchase happy perfect dress beyond expectation😊the dress is lil thick so u need to wear in winner or moderate climate❤,3.7219,0.0091581841
217,http://flipkart.com/sheetal-associates-women-bodycon-black-dress/p/itmc8547725c5144?pid=DREG2VMECVJYRYTE&lid=LSTDREG2VMECVJYRYTEUWDG4Q&marketplace=FLIPKART&store=clo%2Fodx%2Fmaj%2Fjhy&srno=b_6_238&otracker=browse&fm=organic&iid=0f40640d-1f08-4370-8215-c3638c9d9b71.DREG2VMECVJYRYTE.SEARCH&ppt=None&ppn=None&ssid=gbo1wgpztc0000001658756740571,217,Women Bodycon Black Dress,4.3,2930,370,love it omg mind blowing purchase happy perfect dress beyond expectation😊the dress is lil thick so u need to wear in winner or moderate climate❤,3.7219,0.0091581841
237,http://flipkart.com/sheetal-associates-women-bodycon-maroon-dress/p/itm97423fa05643e?pid=DREG2VMEQWQKFEMV&lid=LSTDREG2VMEQWQKFEMVOW8YBC&marketplace=FLIPKART&store=clo%2Fodx%2Fmaj%2Fjhy&srno=b_7_259&otracker=browse&fm=organic&iid=498d350b-fe93-4a21-a700-ed1f1254a687.DREG2VMEQWQKFEMV.SEARCH&ppt=None&ppn=None&ssid=xtqx69xdo00000001658756741660,237,Women Bodycon Maroon Dress,4.3,2930,370,love it omg mind blowing purchase happy perfect dress beyond expectation😊the dress is lil thick so u need to wear in winner or moderate climate❤,3.7219,0.0091581841
269,http://flipkart.com/sheetal-associates-women-bodycon-green-dress/p/itm8c4638e3d4595?pid=DREG2VMEJFZUCYYA&lid=LSTDREG2VMEJFZUCYYACHOVM2&marketplace=FLIPKART&store=clo%2Fodx%2Fmaj%2Fjhy&srno=b_8_293&otracker=browse&fm=organic&iid=5f63d83d-9940-40b4-ac45-834eaaf2387a.DREG2VMEJFZUCYYA.SEARCH&ppt=None&ppn=None&ssid=4gx8zex8e80000001658756742655,269,Women Bodycon Green Dress,4.3,2930,370,love it omg mind blowing purchase happy perfect dress beyond expectation😊the dress is lil thick so u need to wear in winner or moderate climate❤,3.7219,0.0091581841
31,http://flipkart.com/sheetal-associates-women-bodycon-maroon-dress/p/itmc226eedb0d79a?pid=DREG7ZU8SMJSHWGH&lid=LSTDREG7ZU8SMJSHWGHDZ2FOE&marketplace=FLIPKART&store=clo%2Fodx%2Fmaj%2Fjhy&srno=b_1_35&otracker=browse&fm=organic&iid=9f4db607-5fab-4c8e-8f54-49bcaf7d2f85.DREG7ZU8SMJSHWGH.SEARCH&ppt=None&ppn=None&ssid=935ax4ah8g0000001658756734118,31,Women Bodycon Maroon Dress,4,3316,330,it is amazing dress as shown in picture in best deal i recommend go for it❤️ good quality 👍😊 dress is lovely and material is also good,3.7691,0.0090404095
329,http://flipkart.com/sheetal-associates-women-bodycon-black-dress/p/itmc8f3747babfff?pid=DREG7ACTVZFYKVHV&lid=LSTDREG7ACTVZFYKVHVDWFUHE&marketplace=FLIPKART&store=clo%2Fodx%2Fmaj%2Fjhy&srno=b_9_359&otracker=browse&fm=organic&iid=5e78f7a3-22ff-4166-bd37-1a923266d9fe.DREG7ACTVZFYKVHV.SEARCH&ppt=None&ppn=None&ssid=addztmnj2o0000001658756744894,329,Women Bodycon Black Dress,4,3316,330,it is amazing dress as shown in picture in best deal i recommend go for it❤️ good quality 👍😊 dress is lovely and material is also good,3.7691,0.0090404095
330,http://flipkart.com/sheetal-associates-women-bodycon-maroon-dress/p/itmc226eedb0d79a?pid=DREG7ZU8SMJSHWGH&lid=LSTDREG7ZU8SMJSHWGHDZ2FOE&marketplace=FLIPKART&store=clo%2Fodx%2Fmaj%2Fjhy&srno=b_9_360&otracker=browse&fm=organic&iid=en_YR0nD3xAyVWf5dNuT7RPJr1WhBj9S5Uldsgv9yufQlk7KRWMBA8woeFtPUrddk1P6pAwLismOCT%2BA8wmkE7Vqg%3D%3D&ppt=None&ppn=None&ssid=addztmnj2o0000001658756744894,330,Women Bodycon Maroon Dress,4,3316,330,it is amazing dress as shown in picture in best deal i recommend go for it❤️ good quality 👍😊 dress is lovely and material is also good,3.7691,0.0090404095
124,http://flipkart.com/aahwan-women-bodycon-maroon-dress/p/itmf25011d74bff4?pid=DREGFZ2M7PMPBFY3&lid=LSTDREGFZ2M7PMPBFY3USHFKK&marketplace=FLIPKART&store=clo%2Fodx%2Fmaj%2Fjhy&srno=b_4_139&otracker=browse&fm=organic&iid=475b9e0f-e2fa-443e-9c2e-3bffb00fcde6.DREGFZ2M7PMPBFY3.SEARCH&ppt=None&ppn=None&ssid=eyr0hefdxs0000001658756737931,124,Women Bodycon Maroon Dress,4.1,3460,440,awesome product fits perfectly on me price is minimal too fabric is good fine and elastic awesome dress very trendy,2.5294,0.0090345666
258,http://flipkart.com/aahwan-women-bodycon-black-dress/p/itm563d905f7c7c2?pid=DREGFZ2MXHACFRZK&lid=LSTDREGFZ2MXHACFRZKX19XIK&marketplace=FLIPKART&store=clo%2Fodx%2Fmaj%2Fjhy&srno=b_8_281&otracker=browse&fm=organic&iid=5f63d83d-9940-40b4-ac45-834eaaf2387a.DREGFZ2MXHACFRZK.SEARCH&ppt=None&ppn=None&ssid=4gx8zex8e80000001658756742655,258,Women Bodycon Black Dress,4.1,3460,440,awesome product fits perfectly on me price is minimal too fabric is good fine and elastic awesome dress very trendy,2.5294,0.0090345666
158,http://flipkart.com/dyrectdeals-women-maxi-green-dress/p/itmff37adee6e234?pid=DREGFGHU9YK4CTFF&lid=LSTDREGFGHU9YK4CTFF8LAVBG&marketplace=FLIPKART&store=clo%2Fodx%2Fmaj%2Fjhy&srno=b_5_174&otracker=browse&fm=organic&iid=9db22210-7319-4f31-8a7d-13cb2f0edf9f.DREGFGHU9YK4CTFF.SEARCH&ppt=None&ppn=None&ssid=vtbp9w2e2o0000001658756739007,158,Women Maxi Green Dress,4.1,3022,378,this dress is just love 🖤🥰 thank you so much flipkart fall in love with this dress its worth buying the product go for it💖,3.5219,0.0089392763
294,http://flipkart.com/dyrectdeals-women-maxi-pink-dress/p/itmf3873197380a2?pid=DREGFGHUKQ5Z6G55&lid=LSTDREGFGHUKQ5Z6G55W8Z53C&marketplace=FLIPKART&store=clo%2Fodx%2Fmaj%2Fjhy&srno=b_9_321&otracker=browse&fm=organic&iid=5e78f7a3-22ff-4166-bd37-1a923266d9fe.DREGFGHUKQ5Z6G55.SEARCH&ppt=None&ppn=None&ssid=addztmnj2o0000001658756744894,294,Women Maxi Pink Dress,4.1,3022,378,this dress is just love 🖤🥰 thank you so much flipkart fall in love with this dress its worth buying the product go for it💖,3.5219,0.0089392763
76,http://flipkart.com/god-bless-women-fit-flare-blue-dress/p/itm6a532e32e5a03?pid=DREG4FXUXQPVGZTX&lid=LSTDREG4FXUXQPVGZTXBQWIDB&marketplace=FLIPKART&store=clo%2Fodx%2Fmaj%2Fjhy&srno=b_3_86&otracker=browse&fm=organic&iid=518e877b-2c85-48a1-b683-3dc7f39eb17a.DREG4FXUXQPVGZTX.SEARCH&ppt=None&ppn=None&ssid=3253kt4y000000001658756736902,76,Women Fit and Flare Blue Dress,4.1,3517,517,beautiful dress its awesome go for it awesome product,1.8492,0.0086719891
118,http://flipkart.com/god-bless-women-a-line-black-dress/p/itmbb601151a31ed?pid=DREFJRQA6X58A4Z5&lid=LSTDREFJRQA6X58A4Z5IEW7CL&marketplace=FLIPKART&store=clo%2Fodx%2Fmaj%2Fjhy&srno=b_4_133&otracker=browse&fm=organic&iid=475b9e0f-e2fa-443e-9c2e-3bffb00fcde6.DREFJRQA6X58A4Z5.SEARCH&ppt=None&ppn=None&ssid=eyr0hefdxs0000001658756737931,118,Women A-line Black Dress,4.1,3517,517,beautiful dress its awesome go for it awesome product,1.8492,0.0086719891
200,http://flipkart.com/mokshi-women-ethnic-dress-multicolor/p/itm66717800e8d7c?pid=KTAFQMYZUEXYGAZX&lid=LSTKTAFQMYZUEXYGAZX5RAEGB&marketplace=FLIPKART&store=clo%2Fodx%2Fmaj%2Fjhy&srno=b_6_221&otracker=browse&fm=organic&iid=0f40640d-1f08-4370-8215-c3638c9d9b71.KTAFQMYZUEXYGAZX.SEARCH&ppt=None&ppn=None&ssid=gbo1wgpztc0000001658756740571,200,Women Ethnic Dress Multicolor Dress,3.9,2672,301,best product quality is great i like the color and design its exactly same really a best purchase wonderful productthe colour is exactly the samedark bluefitting is also perfectthe minor details are soo beautiful that looks elegant looking goodl but the print got faded after 1st wash and for 2nd wash it will look like a very old one anarkali but radius at the bottom is not wide  more like frock,4.6303,0.0083181866
44,http://flipkart.com/tokyo-talkies-women-maxi-multicolor-dress/p/itm5325a55fd41cb?pid=DREFJYCYKGYSJDZU&lid=LSTDREFJYCYKGYSJDZU2CMEIW&marketplace=FLIPKART&store=clo%2Fodx%2Fmaj%2Fjhy&srno=b_2_50&otracker=browse&fm=organic&iid=4f187e50-412d-4000-b0b3-491b071904b8.DREFJYCYKGYSJDZU.SEARCH&ppt=None&ppn=None&ssid=ulr3gqi0ls0000001658756735101,44,Women Maxi Multicolor Dress,4.2,2602,457,very nice 👌 wow quality awsome ❤look just loved it so much go for it frndz good,2.7769,0.0081613739
66,http://flipkart.com/tokyo-talkies-women-fit-flare-multicolor-dress/p/itmfbjymzjm9nptv?pid=DREFBJYMYDWTHHGZ&lid=LSTDREFBJYMYDWTHHGZTTJJAL&marketplace=FLIPKART&store=clo%2Fodx%2Fmaj%2Fjhy&srno=b_2_75&otracker=browse&fm=organic&iid=4f187e50-412d-4000-b0b3-491b071904b8.DREFBJYMYDWTHHGZ.SEARCH&ppt=None&ppn=None&ssid=ulr3gqi0ls0000001658756735101,66,Women Fit and Flare Multicolor Dress,4.1,3177,380,good stuff ☺️ beautiful dress 🤗 very good,2.3605,0.0079310480
142,http://flipkart.com/addyvero-women-bodycon-green-dress/p/itm9eec02d2c187d?pid=DREFNJGGAXC4K637&lid=LSTDREFNJGGAXC4K637DJB9NC&marketplace=FLIPKART&store=clo%2Fodx%2Fmaj%2Fjhy&srno=b_4_158&otracker=browse&fm=organic&iid=475b9e0f-e2fa-443e-9c2e-3bffb00fcde6.DREFNJGGAXC4K637.SEARCH&ppt=None&ppn=None&ssid=eyr0hefdxs0000001658756737931,142,Women Bodycon Green Dress,4.4,2707,474,superb awsome its beautifuli loved it very nice and comfortable dress,2.1564,0.0078415029
134,http://flipkart.com/rudraaksha-women-a-line-purple-dress/p/itmc6326ca4c607f?pid=DREFZA97MWQBUBQZ&lid=LSTDREFZA97MWQBUBQZAWELDI&marketplace=FLIPKART&store=clo%2Fodx%2Fmaj%2Fjhy&srno=b_4_150&otracker=browse&fm=organic&iid=475b9e0f-e2fa-443e-9c2e-3bffb00fcde6.DREFZA97MWQBUBQZ.SEARCH&ppt=None&ppn=None&ssid=eyr0hefdxs0000001658756737931,134,Women A-line Purple Dress,4.1,2998,399,really nicei got super mask wow cloth is smooth abd comfortable damn gorgeous dress and this dress is very comfortable❤️,2.417,0.0078283714
71,http://flipkart.com/stylestone-women-cinched-waist-multicolor-dress/p/itmfghue5kkymsab?pid=DREFGHRXWYBVJX9V&lid=LSTDREFGHRXWYBVJX9VJDASNN&marketplace=FLIPKART&store=clo%2Fodx%2Fmaj%2Fjhy&srno=b_3_81&otracker=browse&fm=organic&iid=518e877b-2c85-48a1-b683-3dc7f39eb17a.DREFGHRXWYBVJX9V.SEARCH&ppt=None&ppn=None&ssid=3253kt4y000000001658756736902,71,Women Cinched Waist Multicolor Dress,4.3,2599,421,beautiful loved it amazing💕😍 nice,2.5225,0.0076579214
265,http://flipkart.com/kimayra-women-fit-flare-yellow-dress/p/itme596acaf415a7?pid=DREGYW6W6BEKYPZN&lid=LSTDREGYW6W6BEKYPZNEICCJC&marketplace=FLIPKART&store=clo%2Fodx%2Fmaj%2Fjhy&srno=b_8_289&otracker=browse&fm=organic&iid=5f63d83d-9940-40b4-ac45-834eaaf2387a.DREGYW6W6BEKYPZN.SEARCH&ppt=None&ppn=None&ssid=4gx8zex8e80000001658756742655,265,Women Fit and Flare Yellow Dress,3.9,2864,330,just loved it go for it guys awesome good product very good dress i liked it too much the quality of the dress was very goodbut i actually ordered the size l but it came mm is correct fit but i want a bit loose,3.1056,0.0075470870
284,http://flipkart.com/rizzly-women-fit-flare-light-blue-dress/p/itmcb8bd38bff66b?pid=DREG6TM5PGTA3T5V&lid=LSTDREG6TM5PGTA3T5VY34MWQ&marketplace=FLIPKART&store=clo%2Fodx%2Fmaj%2Fjhy&srno=b_8_310&otracker=browse&fm=organic&iid=5f63d83d-9940-40b4-ac45-834eaaf2387a.DREG6TM5PGTA3T5V.SEARCH&ppt=None&ppn=None&ssid=4gx8zex8e80000001658756742655,284,Women Fit and Flare Light Blue Dress,4.2,2035,269,worth every penny very pretty dress  👗 fully satisfied 💙💙just loved it worth for money tq flipkart 😘😘 its a very nice dress soft materialawesome color fitting is also suppbbbi like it very much👌👌👍👍,4.9733,0.0073907086
291,http://flipkart.com/maa-fab-women-maxi-black-dress/p/itm3729d95b1c212?pid=DREFYVTQ7CHXACG4&lid=LSTDREFYVTQ7CHXACG4UVTFKO&marketplace=FLIPKART&store=clo%2Fodx%2Fmaj%2Fjhy&srno=b_8_317&otracker=browse&fm=organic&iid=5f63d83d-9940-40b4-ac45-834eaaf2387a.DREFYVTQ7CHXACG4.SEARCH&ppt=None&ppn=None&ssid=4gx8zex8e80000001658756742655,291,Women Maxi Black Dress,3.8,3357,332,nice dresscloth quality superas shown as imagebright colourthank u flipkart😄😄 nice dress nice dress,2.1395,0.0072764757
21,http://flipkart.com/aask-women-pleated-purple-dress/p/itm4ea2e15872085?pid=DREG7HZRAGADDUEM&lid=LSTDREG7HZRAGADDUEMXJGP7Z&marketplace=FLIPKART&store=clo%2Fodx%2Fmaj%2Fjhy&srno=b_1_24&otracker=browse&fm=organic&iid=9f4db607-5fab-4c8e-8f54-49bcaf7d2f85.DREG7HZRAGADDUEM.SEARCH&ppt=None&ppn=None&ssid=935ax4ah8g0000001658756734118,21,Women Pleated Purple Dress,4.1,2703,301,its amazing u can even try out diferent belts with it as the belt is detachable nice dress color is pretty over all good same as shown in the catalogue its decent looks very elegant i wore to my office everyone appreciated my looks,2.929,0.0070934988
36,http://flipkart.com/slenor-women-a-line-brown-dress/p/itmc082a8274b853?pid=DREG6ZD4VGN8S9R9&lid=LSTDREG6ZD4VGN8S9R9HZHTJH&marketplace=FLIPKART&store=clo%2Fodx%2Fmaj%2Fjhy&srno=b_1_40&otracker=browse&fm=organic&iid=9f4db607-5fab-4c8e-8f54-49bcaf7d2f85.DREG6ZD4VGN8S9R9.SEARCH&ppt=None&ppn=None&ssid=935ax4ah8g0000001658756734118,36,Women A-line Brown Dress,4.3,2782,341,i just loved it its wonderful dress material is goodmust buy loved it very nice,2.1922,0.0070612437
91,http://flipkart.com/glamcci-women-fit-flare-multicolor-dress/p/itm7f71a575d58c5?pid=DREG7ZX6CSMFJ4UX&lid=LSTDREG7ZX6CSMFJ4UXNQSJRD&marketplace=FLIPKART&store=clo%2Fodx%2Fmaj%2Fjhy&srno=b_3_103&otracker=browse&fm=organic&iid=518e877b-2c85-48a1-b683-3dc7f39eb17a.DREG7ZX6CSMFJ4UX.SEARCH&ppt=None&ppn=None&ssid=3253kt4y000000001658756736902,91,Women Fit and Flare Multicolor Dress,4.1,2398,328,nice it is very beautiful dress 😍❤️ i loved it ❤️ nise dress 🥰🥰🥰,3.0507,0.0069307140
238,http://flipkart.com/glamcci-women-fit-flare-purple-dress/p/itma6fbc67268280?pid=DREGDFFEYCXRYHZU&lid=LSTDREGDFFEYCXRYHZUN1URD1&marketplace=FLIPKART&store=clo%2Fodx%2Fmaj%2Fjhy&srno=b_7_261&otracker=browse&fm=organic&iid=498d350b-fe93-4a21-a700-ed1f1254a687.DREGDFFEYCXRYHZU.SEARCH&ppt=None&ppn=None&ssid=xtqx69xdo00000001658756741660,238,Women Fit and Flare Purple Dress,4.1,2398,328,nice it is very beautiful dress 😍❤️ i loved it ❤️ nise dress 🥰🥰🥰,3.0507,0.0069307140
287,http://flipkart.com/shree-ramkrishna-fab-women-a-line-blue-dress/p/itmad1ddb5a35fb7?pid=DREG2TAPYJNNMGNY&lid=LSTDREG2TAPYJNNMGNYACWZTY&marketplace=FLIPKART&store=clo%2Fodx%2Fmaj%2Fjhy&srno=b_8_313&otracker=browse&fm=organic&iid=5f63d83d-9940-40b4-ac45-834eaaf2387a.DREG2TAPYJNNMGNY.SEARCH&ppt=None&ppn=None&ssid=4gx8zex8e80000001658756742655,287,Women A-line Blue Dress,4.2,2354,292,amazing product ❤️❤️ i like this one  colour is  just wow 😲 quality of this kurti is best  i love it awsm 👍 must buy ❤️,3.1886,0.0067501456
5,http://flipkart.com/libas-women-ethnic-dress-green/p/itm83b3fe82318dd?pid=KTAFUHV7HYKURQH8&lid=LSTKTAFUHV7HYKURQH82BT5KP&marketplace=FLIPKART&store=clo%2Fodx%2Fmaj%2Fjhy&srno=b_1_6&otracker=browse&fm=organic&iid=9f4db607-5fab-4c8e-8f54-49bcaf7d2f85.KTAFUHV7HYKURQH8.SEARCH&ppt=None&ppn=None&ssid=935ax4ah8g0000001658756734118,5,Women Ethnic Dress Green Dress,4.3,2533,276,wonderful piece of cloth very nice dress happy with the product ❤️ really nice kurti worth buying its beautiful ❤️,2.8125,0.0067082902
293,http://flipkart.com/maa-fab-women-fit-flare-blue-red-dress/p/itm0458216b28f35?pid=DREFVYGBKSGHEMZC&lid=LSTDREFVYGBKSGHEMZC4VQS0O&marketplace=FLIPKART&store=clo%2Fodx%2Fmaj%2Fjhy&srno=b_8_319&otracker=browse&fm=organic&iid=5f63d83d-9940-40b4-ac45-834eaaf2387a.DREFVYGBKSGHEMZC.SEARCH&ppt=None&ppn=None&ssid=4gx8zex8e80000001658756742655,293,"Women Fit and Flare Blue, Red Dress",4.2,2175,255,such nice dress for party 🎉 go for it ☺️☺️ as shown as pic thx flipkart just love it its amazing thanks to flipkart,3.9681,0.0066792786
252,http://flipkart.com/raaka-women-empire-waist-multicolor-dress/p/itm2e04729023330?pid=DREG9DVSXYQJKSMH&lid=LSTDREG9DVSXYQJKSMHGWJG5Z&marketplace=FLIPKART&store=clo%2Fodx%2Fmaj%2Fjhy&srno=b_7_275&otracker=browse&fm=organic&iid=498d350b-fe93-4a21-a700-ed1f1254a687.DREG9DVSXYQJKSMH.SEARCH&ppt=None&ppn=None&ssid=xtqx69xdo00000001658756741660,252,Women Empire Waist Multicolor Dress,4.3,2481,269,its really good and nyc products awesome dress❤ lovely dress looking so pretty,2.782,0.0065356815
180,http://flipkart.com/sassafras-women-maxi-white-pink-dress/p/itmf3vczgvurfnpd?pid=DREF2UHNCGHPXKZF&lid=LSTDREF2UHNCGHPXKZFD6CIIR&marketplace=FLIPKART&store=clo%2Fodx%2Fmaj%2Fjhy&srno=b_5_198&otracker=browse&fm=organic&iid=9db22210-7319-4f31-8a7d-13cb2f0edf9f.DREF2UHNCGHPXKZF.SEARCH&ppt=None&ppn=None&ssid=vtbp9w2e2o0000001658756739007,180,"Women Maxi White, Pink Dress",4.3,2325,323,quality is very good perfect dress❤️ good fitting quality is fine for a fair price  loved the overall look but it might not be ankle length for short people ,2.5726,0.0065031006
225,http://flipkart.com/shree-kannan-women-maxi-black-dress/p/itm1133813dd9b48?pid=DREFWSY7GC4YZYWF&lid=LSTDREFWSY7GC4YZYWFZNOAHV&marketplace=FLIPKART&store=clo%2Fodx%2Fmaj%2Fjhy&srno=b_7_246&otracker=browse&fm=organic&iid=498d350b-fe93-4a21-a700-ed1f1254a687.DREFWSY7GC4YZYWF.SEARCH&ppt=None&ppn=None&ssid=xtqx69xdo00000001658756741660,225,Women Maxi Black Dress,3.9,2393,321,wow so nice midii bought for my sisshe is so happy thnx flipcart goodi love it must buy it loved the dress,2.8156,0.0064445589
324,http://flipkart.com/sassafras-women-pleated-dark-blue-dress/p/itmf9peaq7he5v9h?pid=DREF9P98PCTMG8JA&lid=LSTDREF9P98PCTMG8JAN0VVIA&marketplace=FLIPKART&store=clo%2Fodx%2Fmaj%2Fjhy&srno=b_9_354&otracker=browse&fm=organic&iid=5e78f7a3-22ff-4166-bd37-1a923266d9fe.DREF9P98PCTMG8JA.SEARCH&ppt=None&ppn=None&ssid=addztmnj2o0000001658756744894,324,Women Pleated Dark Blue Dress,3.8,2126,298,nice fit nd perfect dress  fitting is very nice but color is faded and looks like old dress ❤perfect fittings  little different from the picture but nice one❤✌,3.3714,0.0062274727
354,http://flipkart.com/stylestone-women-pinafore-dark-blue-dress/p/itm41d8f7030e2ea?pid=DREFKMFNYGDJX8YJ&lid=LSTDREFKMFNYGDJX8YJT2DO9O&marketplace=FLIPKART&store=clo%2Fodx%2Fmaj%2Fjhy&srno=b_10_387&otracker=browse&fm=organic&iid=059e3c9c-55a2-4fb4-b8bb-8450b82447a7.DREFKMFNYGDJX8YJ.SEARCH&ppt=None&ppn=None&ssid=7rgz4b6q000000001658756745981,354,Women Pinafore Dark Blue Dress,4.2,2094,258,no words ❤️❤️❤️❤️❤️❤️love it good it looks so amazing 💞best one piece i have ever seen looks cute 👌👌must but this lovely outfit 😁,3.0767,0.0059040623
243,http://flipkart.com/harpa-women-maxi-multicolor-dress/p/itmd47e28efee039?pid=DREFHFTFKW9EXNAF&lid=LSTDREFHFTFKW9EXNAFWKBIKT&marketplace=FLIPKART&store=clo%2Fodx%2Fmaj%2Fjhy&srno=b_7_266&otracker=browse&fm=organic&iid=498d350b-fe93-4a21-a700-ed1f1254a687.DREFHFTFKW9EXNAF.SEARCH&ppt=None&ppn=None&ssid=xtqx69xdo00000001658756741660,243,Women Maxi Multicolor Dress,4.2,2262,365,its a beautiful dressloved this awesome dress just wow,1.8102,0.0058035327
349,http://flipkart.com/addyvero-women-skater-red-dress/p/itm407609cd670a9?pid=DREFCCRKREUZ9RUH&lid=LSTDREFCCRKREUZ9RUHYIUHKA&marketplace=FLIPKART&store=clo%2Fodx%2Fmaj%2Fjhy&srno=b_10_381&otracker=browse&fm=organic&iid=059e3c9c-55a2-4fb4-b8bb-8450b82447a7.DREFCCRKREUZ9RUH.SEARCH&ppt=None&ppn=None&ssid=7rgz4b6q000000001658756745981,349,Women Skater Red Dress,4.2,1780,210,gorgeous  dress material is soo good sizzling hot red color it will give d beautiful as well as  hot look at d same time go for it girls oi nice product beautiful and good at dress 😍👌👌,4.3223,0.0056985155
62,http://flipkart.com/selvia-women-bodycon-black-dress/p/itm0c02789eba09c?pid=DREG9NTTRGXPMGJK&lid=LSTDREG9NTTRGXPMGJKZPQVUR&marketplace=FLIPKART&store=clo%2Fodx%2Fmaj%2Fjhy&srno=b_2_70&otracker=browse&fm=organic&iid=4f187e50-412d-4000-b0b3-491b071904b8.DREG9NTTRGXPMGJK.SEARCH&ppt=None&ppn=None&ssid=ulr3gqi0ls0000001658756735101,62,Women Bodycon Black Dress,4.3,2479,249,nice 🙂 nice dress nice,1.6678,0.0055601066
170,http://flipkart.com/selvia-women-bodycon-pink-dress/p/itmf80f0f0a6ade2?pid=DREG9NTSECTMRWBH&lid=LSTDREG9NTSECTMRWBHRVQXUJ&marketplace=FLIPKART&store=clo%2Fodx%2Fmaj%2Fjhy&srno=b_5_187&otracker=browse&fm=organic&iid=9db22210-7319-4f31-8a7d-13cb2f0edf9f.DREG9NTSECTMRWBH.SEARCH&ppt=None&ppn=None&ssid=vtbp9w2e2o0000001658756739007,170,Women Bodycon Pink Dress,4.3,2479,249,nice 🙂 nice dress nice,1.6678,0.0055601066
235,http://flipkart.com/selvia-women-bodycon-pink-dress/p/itmf80f0f0a6ade2?pid=DREG9NTSECTMRWBH&lid=LSTDREG9NTSECTMRWBHRVQXUJ&marketplace=FLIPKART&store=clo%2Fodx%2Fmaj%2Fjhy&srno=b_7_257&otracker=browse&fm=organic&iid=498d350b-fe93-4a21-a700-ed1f1254a687.DREG9NTSECTMRWBH.SEARCH&ppt=None&ppn=None&ssid=xtqx69xdo00000001658756741660,235,Women Bodycon Pink Dress,4.3,2479,249,nice 🙂 nice dress nice,1.6678,0.0055601066
259,http://flipkart.com/selvia-women-bodycon-light-blue-dress/p/itm801be727a3173?pid=DREG9NTSZJ5YBPGH&lid=LSTDREG9NTSZJ5YBPGHHAEV3D&marketplace=FLIPKART&store=clo%2Fodx%2Fmaj%2Fjhy&srno=b_8_282&otracker=browse&fm=organic&iid=5f63d83d-9940-40b4-ac45-834eaaf2387a.DREG9NTSZJ5YBPGH.SEARCH&ppt=None&ppn=None&ssid=4gx8zex8e80000001658756742655,259,Women Bodycon Light Blue Dress,4.3,2479,249,nice 🙂 nice dress nice,1.6678,0.0055601066
248,http://flipkart.com/sassafras-women-a-line-brown-dress/p/itmfdzuws8zytznd?pid=DREFDYS2HHDST3PK&lid=LSTDREFDYS2HHDST3PKGFCILE&marketplace=FLIPKART&store=clo%2Fodx%2Fmaj%2Fjhy&srno=b_7_271&otracker=browse&fm=organic&iid=498d350b-fe93-4a21-a700-ed1f1254a687.DREFDYS2HHDST3PK.SEARCH&ppt=None&ppn=None&ssid=xtqx69xdo00000001658756741660,248,Women A-line Brown Dress,4.3,1763,234,amazing dress its print is awesome 👍 nice dress but the the neckline is little weird the dress is summer perfect feels so soft and comfy the flare is beautiful loved it,3.2251,0.0052947528
204,http://flipkart.com/uptownie-lite-women-maxi-black-dress/p/itm848119141128c?pid=DREFWHFFKBSSYBBQ&lid=LSTDREFWHFFKBSSYBBQXACOHR&marketplace=FLIPKART&store=clo%2Fodx%2Fmaj%2Fjhy&srno=b_6_225&otracker=browse&fm=organic&iid=0f40640d-1f08-4370-8215-c3638c9d9b71.DREFWHFFKBSSYBBQ.SEARCH&ppt=None&ppn=None&ssid=gbo1wgpztc0000001658756740571,204,Women Maxi Black Dress,4.1,1912,274,nice stylish dress love it fabric is good color is same as shown in the picture just loved it very nice,2.5197,0.0052125287
270,http://flipkart.com/uptownie-lite-women-shirt-green-dress/p/itmbebc160d683a4?pid=DREFHGNHDNERYG8M&lid=LSTDREFHGNHDNERYG8MTOZ1RM&marketplace=FLIPKART&store=clo%2Fodx%2Fmaj%2Fjhy&srno=b_8_294&otracker=browse&fm=organic&iid=5f63d83d-9940-40b4-ac45-834eaaf2387a.DREFHGNHDNERYG8M.SEARCH&ppt=None&ppn=None&ssid=4gx8zex8e80000001658756742655,270,Women Shirt Green Dress,4.1,1912,274,nice stylish dress love it fabric is good color is same as shown in the picture just loved it very nice,2.5197,0.0052125287
51,http://flipkart.com/tokyo-talkies-women-a-line-multicolor-dress/p/itmfgy4yyhhxfcez?pid=DREFGY4YPJPFXZMW&lid=LSTDREFGY4YPJPFXZMWYQM2UG&marketplace=FLIPKART&store=clo%2Fodx%2Fmaj%2Fjhy&srno=b_2_59&otracker=browse&fm=organic&iid=4f187e50-412d-4000-b0b3-491b071904b8.DREFGY4YPJPFXZMW.SEARCH&ppt=None&ppn=None&ssid=ulr3gqi0ls0000001658756735101,51,Women A-line Multicolor Dress,4.3,1899,244,much buy 🥰🥰im so happy with this dress and also fast delivery very nice product really love itvery comfortablebuy 1 large size than your exact size,2.5137,0.0051208275
358,http://flipkart.com/tokyo-talkies-women-shirt-light-blue-dress/p/itmf3vcyxnfsuq5y?pid=DREF2YMUWWGKPHWB&lid=LSTDREF2YMUWWGKPHWBNICPYB&marketplace=FLIPKART&store=clo%2Fodx%2Fmaj%2Fjhy&srno=b_10_391&otracker=browse&fm=organic&iid=059e3c9c-55a2-4fb4-b8bb-8450b82447a7.DREF2YMUWWGKPHWB.SEARCH&ppt=None&ppn=None&ssid=7rgz4b6q000000001658756745981,358,Women Shirt Light Blue Dress,4.1,1706,267,loved it ❤️❤️❤️❤️ extremely gorgeous comfortable and classy beautiful dress at this reasonable cost its a steal,2.2683,0.0046206406
161,http://flipkart.com/lady-stark-women-maxi-pink-dress/p/itm652f755009998?pid=DREGF4YRZTBQP7PW&lid=LSTDREGF4YRZTBQP7PWLIVVPX&marketplace=FLIPKART&store=clo%2Fodx%2Fmaj%2Fjhy&srno=b_5_177&otracker=browse&fm=organic&iid=9db22210-7319-4f31-8a7d-13cb2f0edf9f.DREGF4YRZTBQP7PW.SEARCH&ppt=None&ppn=None&ssid=vtbp9w2e2o0000001658756739007,161,Women Maxi Pink Dress,4.3,1893,276,pretty dress good quality nice dress tq flipkart,1.3558,0.0044123783
61,http://flipkart.com/aayu-women-sheath-black-dress/p/itm41c76f2cf91af?pid=DREGFY6FEZMZUFPZ&lid=LSTDREGFY6FEZMZUFPZETTMS3&marketplace=FLIPKART&store=clo%2Fodx%2Fmaj%2Fjhy&srno=b_2_69&otracker=browse&fm=organic&iid=4f187e50-412d-4000-b0b3-491b071904b8.DREGFY6FEZMZUFPZ.SEARCH&ppt=None&ppn=None&ssid=ulr3gqi0ls0000001658756735101,61,Women Sheath Black Dress,4,1748,185,best gift for birthday 🎂 pretty loved it 😘,2.5921,0.0042515698
63,http://flipkart.com/aayu-women-sheath-red-dress/p/itmc117da3875c27?pid=DREGFY6FZZJEDZZC&lid=LSTDREGFY6FZZJEDZZCHSDGH6&marketplace=FLIPKART&store=clo%2Fodx%2Fmaj%2Fjhy&srno=b_2_71&otracker=browse&fm=organic&iid=4f187e50-412d-4000-b0b3-491b071904b8.DREGFY6FZZJEDZZC.SEARCH&ppt=None&ppn=None&ssid=ulr3gqi0ls0000001658756735101,63,Women Sheath Red Dress,4,1748,185,best gift for birthday 🎂 pretty loved it 😘,2.5921,0.0042515698
274,http://flipkart.com/deklook-women-pleated-silver-dress/p/itm441086bf07cec?pid=DREGBFSVGHFJYHVV&lid=LSTDREGBFSVGHFJYHVVPMXLTP&marketplace=FLIPKART&store=clo%2Fodx%2Fmaj%2Fjhy&srno=b_8_299&otracker=browse&fm=organic&iid=5f63d83d-9940-40b4-ac45-834eaaf2387a.DREGBFSVGHFJYHVV.SEARCH&ppt=None&ppn=None&ssid=4gx8zex8e80000001658756742655,274,Women Pleated Silver Dress,4,1810,177,i love this dress love it😍 everything is fine except cloth qualitybut guys we cant think in this price better than itoverall niceyou can buy,2.3753,0.0041802187
18,http://flipkart.com/sheetal-associates-women-bodycon-black-dress/p/itm19e7367ea4fac?pid=DREGBQCJWG7K2KAG&lid=LSTDREGBQCJWG7K2KAGTG1EWN&marketplace=FLIPKART&store=clo%2Fodx%2Fmaj%2Fjhy&srno=b_1_21&otracker=browse&fm=organic&iid=en_rku7h9GRtb%2FK8nqva1dotzlyMGaXjHmXKocfnCp9%2F8T7%2BlBq5rAxn9s60Q3qfKn2A2os9s%2B50nmWsQnIlKdubA%3D%3D&ppt=None&ppn=None&ssid=935ax4ah8g0000001658756734118,18,Women Bodycon Black Dress,4.1,1656,190,it was really prettytotally worth it wow what a nice dress this is as it is in the picture and i loved it  💕,2.4817,0.0041456173
178,http://flipkart.com/sheetal-associates-women-bodycon-black-dress/p/itm19e7367ea4fac?pid=DREGBQCJWG7K2KAG&lid=LSTDREGBQCJWG7K2KAGTG1EWN&marketplace=FLIPKART&store=clo%2Fodx%2Fmaj%2Fjhy&srno=b_5_196&otracker=browse&fm=organic&iid=en_hlZBYjMhjxrzD012Wn83cXGcpLdKp19pNGvkkvOwKhs%2FymFMnCvbUxepxoquQ3gxKTV4KCofsVHWbWCA1Q7JMw%3D%3D&ppt=None&ppn=None&ssid=vtbp9w2e2o0000001658756739007,178,Women Bodycon Black Dress,4.1,1656,190,it was really prettytotally worth it wow what a nice dress this is as it is in the picture and i loved it  💕,2.4817,0.0041456173
213,http://flipkart.com/tokyo-talkies-women-a-line-blue-dress/p/itm1de9ee75c9d3e?pid=DREFJYCYQBERSUBC&lid=LSTDREFJYCYQBERSUBCYPQKUF&marketplace=FLIPKART&store=clo%2Fodx%2Fmaj%2Fjhy&srno=b_6_234&otracker=browse&fm=organic&iid=0f40640d-1f08-4370-8215-c3638c9d9b71.DREFJYCYQBERSUBC.SEARCH&ppt=None&ppn=None&ssid=gbo1wgpztc0000001658756740571,213,Women A-line Blue Dress,4.2,1093,167,its really beautiful the fabric is good good fittings 😁 small size is okay for tall and slim girls awesome dress fabric is nice same as shown in the picture i totally like it🥰,4.3803,0.0040073993
229,http://flipkart.com/madhuram-textiles-women-ethnic-dress-blue/p/itmaa44c65100861?pid=KTAFFXSBZDYRWXNT&lid=LSTKTAFFXSBZDYRWXNTI7UTO6&marketplace=FLIPKART&store=clo%2Fodx%2Fmaj%2Fjhy&srno=b_7_251&otracker=browse&fm=organic&iid=498d350b-fe93-4a21-a700-ed1f1254a687.KTAFFXSBZDYRWXNT.SEARCH&ppt=None&ppn=None&ssid=xtqx69xdo00000001658756741660,229,Women Ethnic Dress Blue Dress,4.1,1328,171,very very very good product😍😍😍😍 looks very elegant n grand too😊 very good              ,3.4348,0.0039351076
143,http://flipkart.com/selvia-women-high-low-yellow-white-dress/p/itm96d686c811d2d?pid=DREFZAGQNYAZ7WYX&lid=LSTDREFZAGQNYAZ7WYXNTWM0N&marketplace=FLIPKART&store=clo%2Fodx%2Fmaj%2Fjhy&srno=b_4_159&otracker=browse&fm=organic&iid=475b9e0f-e2fa-443e-9c2e-3bffb00fcde6.DREFZAGQNYAZ7WYX.SEARCH&ppt=None&ppn=None&ssid=eyr0hefdxs0000001658756737931,143,"Women High Low Yellow, White Dress",4,1676,202,i just love this one piece ❤️ nice superb👌👌,2.005,0.0039165856
240,http://flipkart.com/tokyo-talkies-women-maxi-green-dress/p/itmf3vdf538nav6g?pid=DREF3H6XXXDNYZEF&lid=LSTDREF3H6XXXDNYZEFLO2TCT&marketplace=FLIPKART&store=clo%2Fodx%2Fmaj%2Fjhy&srno=b_7_263&otracker=browse&fm=organic&iid=498d350b-fe93-4a21-a700-ed1f1254a687.DREF3H6XXXDNYZEF.SEARCH&ppt=None&ppn=None&ssid=xtqx69xdo00000001658756741660,240,Women Maxi Green Dress,4.4,1362,202,awesome must buy love this dress got it 56 only gave it to my sis in law she loves it superb quality hats off to the team tokyo talkies i bought 335 inr ,2.4586,0.0038938949
317,http://flipkart.com/miss-chase-women-bandage-blue-dress/p/itm57ac867ded20f?pid=DREEE9GGTGDNAFBN&lid=LSTDREEE9GGTGDNAFBNKHTFXA&marketplace=FLIPKART&store=clo%2Fodx%2Fmaj%2Fjhy&srno=b_9_347&otracker=browse&fm=organic&iid=5e78f7a3-22ff-4166-bd37-1a923266d9fe.DREEE9GGTGDNAFBN.SEARCH&ppt=None&ppn=None&ssid=addztmnj2o0000001658756744894,317,Women Bandage Blue Dress,4.1,1602,201,loved it😊 ok typ worth buying ✌️,1.8401,0.0037586090
25,http://flipkart.com/sheetal-associates-women-fit-flare-yellow-dress/p/itme926796075263?pid=DREG6G4NXABRKVFT&lid=LSTDREG6G4NXABRKVFT0WC6RT&marketplace=FLIPKART&store=clo%2Fodx%2Fmaj%2Fjhy&srno=b_1_29&otracker=browse&fm=organic&iid=9f4db607-5fab-4c8e-8f54-49bcaf7d2f85.DREG6G4NXABRKVFT.SEARCH&ppt=None&ppn=None&ssid=935ax4ah8g0000001658756734118,25,Women Fit and Flare Yellow Dress,4.3,1384,185,go for it very pretty dress more thn expectationsi wear my maternity shoot so so so pretty flowy i love it what to say 😍 just go for it nice dress,2.165,0.0035964269
183,http://flipkart.com/sheetal-associates-women-fit-flare-black-dress/p/itm11d1fac25840f?pid=DREG7ACT6QGBBCRG&lid=LSTDREG7ACT6QGBBCRGAJOJRG&marketplace=FLIPKART&store=clo%2Fodx%2Fmaj%2Fjhy&srno=b_6_201&otracker=browse&fm=organic&iid=0f40640d-1f08-4370-8215-c3638c9d9b71.DREG7ACT6QGBBCRG.SEARCH&ppt=None&ppn=None&ssid=gbo1wgpztc0000001658756740571,183,Women Fit and Flare Black Dress,4.3,1384,185,go for it very pretty dress more thn expectationsi wear my maternity shoot so so so pretty flowy i love it what to say 😍 just go for it nice dress,2.165,0.0035964269
9,http://flipkart.com/selvia-women-sheath-beige-dress/p/itm4b08c14c82888?pid=DREGCF8EZQGRTDAE&lid=LSTDREGCF8EZQGRTDAEO9CILP&marketplace=FLIPKART&store=clo%2Fodx%2Fmaj%2Fjhy&srno=b_1_10&otracker=browse&fm=organic&iid=9f4db607-5fab-4c8e-8f54-49bcaf7d2f85.DREGCF8EZQGRTDAE.SEARCH&ppt=None&ppn=None&ssid=935ax4ah8g0000001658756734118,9,Women Sheath Beige Dress,4.1,1029,133,nice very nice product please go for it 🥰❣️absolutely lovely dress😍😍 it’s so pretty,3.8694,0.0032228274
189,http://flipkart.com/selvia-women-sheath-dark-blue-dress/p/itmefe239d49ca82?pid=DREGCF8EKBZZHG7E&lid=LSTDREGCF8EKBZZHG7EAS8DJE&marketplace=FLIPKART&store=clo%2Fodx%2Fmaj%2Fjhy&srno=b_6_207&otracker=browse&fm=organic&iid=0f40640d-1f08-4370-8215-c3638c9d9b71.DREGCF8EKBZZHG7E.SEARCH&ppt=None&ppn=None&ssid=gbo1wgpztc0000001658756740571,189,Women Sheath Dark Blue Dress,4.1,1029,133,nice very nice product please go for it 🥰❣️absolutely lovely dress😍😍 it’s so pretty,3.8694,0.0032228274
82,http://flipkart.com/aaliya-fashion-women-a-line-blue-dress/p/itm0742a611ad0c9?pid=DREG9BMMNREYDADA&lid=LSTDREG9BMMNREYDADA29QN50&marketplace=FLIPKART&store=clo%2Fodx%2Fmaj%2Fjhy&srno=b_3_93&otracker=browse&fm=organic&iid=518e877b-2c85-48a1-b683-3dc7f39eb17a.DREG9BMMNREYDADA.SEARCH&ppt=None&ppn=None&ssid=3253kt4y000000001658756736902,82,Women A-line Blue Dress,4.1,1142,100,nice 👍 product❤️😊i really like this 😻 product😘😘 i liked the dress also its a birthday gift to my daughter good material design is so good,4.3834,0.0031891594
100,http://flipkart.com/aaliya-fashion-women-a-line-purple-dress/p/itmde1acae952fe8?pid=DREG9BMW2HNJHZY2&lid=LSTDREG9BMW2HNJHZY2TDGIZT&marketplace=FLIPKART&store=clo%2Fodx%2Fmaj%2Fjhy&srno=b_3_113&otracker=browse&fm=organic&iid=518e877b-2c85-48a1-b683-3dc7f39eb17a.DREG9BMW2HNJHZY2.SEARCH&ppt=None&ppn=None&ssid=3253kt4y000000001658756736902,100,Women A-line Purple Dress,4.1,1142,100,nice 👍 product❤️😊i really like this 😻 product😘😘 i liked the dress also its a birthday gift to my daughter good material design is so good,4.3834,0.0031891594
109,http://flipkart.com/aaliya-fashion-women-a-line-purple-dress/p/itmde1acae952fe8?pid=DREG9BMW2HNJHZY2&lid=LSTDREG9BMW2HNJHZY2TDGIZT&marketplace=FLIPKART&store=clo%2Fodx%2Fmaj%2Fjhy&srno=b_4_123&otracker=browse&fm=organic&iid=475b9e0f-e2fa-443e-9c2e-3bffb00fcde6.DREG9BMW2HNJHZY2.SEARCH&ppt=None&ppn=None&ssid=eyr0hefdxs0000001658756737931,109,Women A-line Purple Dress,4.1,1142,100,nice 👍 product❤️😊i really like this 😻 product😘😘 i liked the dress also its a birthday gift to my daughter good material design is so good,4.3834,0.0031891594
27,http://flipkart.com/shivam-creation-women-fit-flare-black-dress/p/itmfg7gf5mznsggz?pid=DREFG3VD9WW799FQ&lid=LSTDREFG3VD9WW799FQ36X8IA&marketplace=FLIPKART&store=clo%2Fodx%2Fmaj%2Fjhy&srno=b_1_31&otracker=browse&fm=organic&iid=en_rku7h9GRtb%2FK8nqva1dotzlyMGaXjHmXKocfnCp9%2F8TIjojArGVe%2BoTJ7xibTwgroBCOPpKCqFVkZMuBH2fKEA%3D%3D&ppt=None&ppn=None&ssid=935ax4ah8g0000001658756734118,27,Women Fit and Flare Black Dress,3.7,1403,194,same as shown in the picture i love it very nice products  low range and high quality maintained products its good and beautiful,1.825,0.0031507446
363,http://flipkart.com/shivam-creation-women-fit-flare-black-dress/p/itmfg7gf5mznsggz?pid=DREFG3VD9WW799FQ&lid=LSTDREFG3VD9WW799FQ36X8IA&marketplace=FLIPKART&store=clo%2Fodx%2Fmaj%2Fjhy&srno=b_10_396&otracker=browse&fm=organic&iid=en_HuDUzw5bUJMADomwPz337D3siJ3jsMe%2FwZLDzWEtbn3tb0zu5hV5tizB8Au87Zrz7VMaDvIW3rkJS8kpBmtOlA%3D%3D&ppt=None&ppn=None&ssid=7rgz4b6q000000001658756745981,363,Women Fit and Flare Black Dress,3.7,1403,194,same as shown in the picture i love it very nice products  low range and high quality maintained products its good and beautiful,1.825,0.0031507446
311,http://flipkart.com/sassafras-women-maxi-red-green-dress/p/itmac0df57d3a47f?pid=DREFPYMV7SVKPYJJ&lid=LSTDREFPYMV7SVKPYJJBJ9I1W&marketplace=FLIPKART&store=clo%2Fodx%2Fmaj%2Fjhy&srno=b_9_339&otracker=browse&fm=organic&iid=5e78f7a3-22ff-4166-bd37-1a923266d9fe.DREFPYMV7SVKPYJJ.SEARCH&ppt=None&ppn=None&ssid=addztmnj2o0000001658756744894,311,"Women Maxi Red, Green Dress",4.1,1109,157,awesome dress i love it nice dress 😍 nice dress 👗,2.5636,0.0030293295
141,http://flipkart.com/sassafras-women-shirt-black-beige-dress/p/itmffs9ndggdmcjx?pid=DREFFGZYWPBGPTRZ&lid=LSTDREFFGZYWPBGPTRZRMFVKC&marketplace=FLIPKART&store=clo%2Fodx%2Fmaj%2Fjhy&srno=b_4_157&otracker=browse&fm=organic&iid=475b9e0f-e2fa-443e-9c2e-3bffb00fcde6.DREFFGZYWPBGPTRZ.SEARCH&ppt=None&ppn=None&ssid=eyr0hefdxs0000001658756737931,141,"Women Shirt Black, Beige Dress",4.3,1258,168,give it a trynot badworth it nice product i like it so  much❤️ looking gorgeoussame shows as picturecloth meterial is not so comfy but all over i love it,1.4196,0.0029025413
247,http://flipkart.com/maa-fab-women-maxi-dark-blue-dress/p/itmd4757aa838763?pid=DREFYVTQATS5QZMD&lid=LSTDREFYVTQATS5QZMDBCWMFB&marketplace=FLIPKART&store=clo%2Fodx%2Fmaj%2Fjhy&srno=b_7_270&otracker=browse&fm=organic&iid=498d350b-fe93-4a21-a700-ed1f1254a687.DREFYVTQATS5QZMD.SEARCH&ppt=None&ppn=None&ssid=xtqx69xdo00000001658756741660,247,Women Maxi Dark Blue Dress,3.9,1115,112,nice top and quality supperbbbbb😍😍 beautiful ❤️ i loved this dress 😍👗thanks to flipkart 😘❤️,3.4213,0.0028920765
348,http://flipkart.com/sheetal-associates-women-bodycon-black-dress/p/itm0b868e71b41f5?pid=DREG8FVFZFZWVWKS&lid=LSTDREG8FVFZFZWVWKS8CRP2M&marketplace=FLIPKART&store=clo%2Fodx%2Fmaj%2Fjhy&srno=b_10_379&otracker=browse&fm=organic&iid=059e3c9c-55a2-4fb4-b8bb-8450b82447a7.DREG8FVFZFZWVWKS.SEARCH&ppt=None&ppn=None&ssid=7rgz4b6q000000001658756745981,348,Women Bodycon Black Dress,4.1,1113,116,nice dress 😍😍 nice one awesome dress 😍😍😍 thnx flipkart,3.0265,0.0028859778
175,http://flipkart.com/dressar-women-gown-blue-dress/p/itme908e96d1c7a7?pid=DREG8SQPQXY3XTFP&lid=LSTDREG8SQPQXY3XTFP6ZHDC9&marketplace=FLIPKART&store=clo%2Fodx%2Fmaj%2Fjhy&srno=b_5_193&otracker=browse&fm=organic&iid=9db22210-7319-4f31-8a7d-13cb2f0edf9f.DREG8SQPQXY3XTFP.SEARCH&ppt=None&ppn=None&ssid=vtbp9w2e2o0000001658756739007,175,Women Gown Blue Dress,4.1,983,115,same as pic nd beautiful piece in low budget nd nice colour nice dresssuperbb fabric quality very very beautiful and material is also good nice dress👌👌,3.536,0.0028307323
72,http://flipkart.com/tokyo-talkies-women-a-line-green-dress/p/itm1b9c3e1e953fb?pid=DREFXFFS5AGJGSDM&lid=LSTDREFXFFS5AGJGSDMSFLEUV&marketplace=FLIPKART&store=clo%2Fodx%2Fmaj%2Fjhy&srno=b_3_82&otracker=browse&fm=organic&iid=518e877b-2c85-48a1-b683-3dc7f39eb17a.DREFXFFS5AGJGSDM.SEARCH&ppt=None&ppn=None&ssid=3253kt4y000000001658756736902,72,Women A-line Green Dress,4.3,925,93,i loved this one and i also made little bit short by that piece of cloth i made it hair band 😅😂🙈💙but everything is perfect for meu can go for it👍💯 i love the dress its more beautiful than in picture its nice dress little bit big for me but i can alter it anyway i love this worth the price i bought it on sale 354 rs only,4.352,0.0028036383
86,http://flipkart.com/dry-state-women-fit-flare-multicolor-dress/p/itmb960c6322066a?pid=DREGFBMVWEVKFN35&lid=LSTDREGFBMVWEVKFN35CKPHW1&marketplace=FLIPKART&store=clo%2Fodx%2Fmaj%2Fjhy&srno=b_3_97&otracker=browse&fm=organic&iid=518e877b-2c85-48a1-b683-3dc7f39eb17a.DREGFBMVWEVKFN35.SEARCH&ppt=None&ppn=None&ssid=3253kt4y000000001658756736902,86,Women Fit and Flare Multicolor Dress,4.1,949,104,nice dress just loved iti recommend it good productgo for it ❤️ its so adorable and comfortable superb fabric and gives u a cute look,3.9107,0.0027740831
127,http://flipkart.com/selvia-women-co-ords-blue-dress/p/itm641e64c585478?pid=DREGABBNG74XPZWY&lid=LSTDREGABBNG74XPZWYYL85MT&marketplace=FLIPKART&store=clo%2Fodx%2Fmaj%2Fjhy&srno=b_4_143&otracker=browse&fm=organic&iid=475b9e0f-e2fa-443e-9c2e-3bffb00fcde6.DREGABBNG74XPZWY.SEARCH&ppt=None&ppn=None&ssid=eyr0hefdxs0000001658756737931,127,Women Co-ords Blue Dress,4.3,1087,161,so happy very nice products nice nice,1.8364,0.0027694513
199,http://flipkart.com/rare-women-gathered-black-dress/p/itmffa8brtwpbgkz?pid=DREFF9HQFQGGYVVV&lid=LSTDREFF9HQFQGGYVVVU9UBNL&marketplace=FLIPKART&store=clo%2Fodx%2Fmaj%2Fjhy&srno=b_6_219&otracker=browse&fm=organic&iid=0f40640d-1f08-4370-8215-c3638c9d9b71.DREFF9HQFQGGYVVV.SEARCH&ppt=None&ppn=None&ssid=gbo1wgpztc0000001658756740571,199,Women Gathered Black Dress,4.1,1153,119,i just love this product 😍 iove the one thank you flipkart for giving this product at so less price superb,2.4218,0.0027693620
153,http://flipkart.com/sheetal-associates-women-bodycon-red-black-dress/p/itm388e1963a13ae?pid=DREG6NZTYFVTSNE7&lid=LSTDREG6NZTYFVTSNE7GEQ6NC&marketplace=FLIPKART&store=clo%2Fodx%2Fmaj%2Fjhy&srno=b_5_169&otracker=browse&fm=organic&iid=9db22210-7319-4f31-8a7d-13cb2f0edf9f.DREG6NZTYFVTSNE7.SEARCH&ppt=None&ppn=None&ssid=vtbp9w2e2o0000001658756739007,153,"Women Bodycon Red, Black Dress",4.2,1119,139,nic product my sister is very happy 😊 it was amazing paire it with a full sleeves crop top and the results were amazingliked the dress a lot,2.0785,0.0027602380
332,http://flipkart.com/tokyo-talkies-women-maxi-multicolor-dress/p/itmf7ht9hf4qu6he?pid=DREF7HT9HEYM7PBG&lid=LSTDREF7HT9HEYM7PBGHEFBNE&marketplace=FLIPKART&store=clo%2Fodx%2Fmaj%2Fjhy&srno=b_10_362&otracker=browse&fm=organic&iid=059e3c9c-55a2-4fb4-b8bb-8450b82447a7.DREF7HT9HEYM7PBG.SEARCH&ppt=None&ppn=None&ssid=7rgz4b6q000000001658756745981,332,Women Maxi Multicolor Dress,4.2,902,179,owsm dressjust loved itfantastic  fabric nice dress very very nice dress awesome dress,2.0673,0.0026252647
39,http://flipkart.com/daevish-women-a-line-black-brown-dress/p/itm5745056de631f?pid=DREG6FXZWDKDJFAS&lid=LSTDREG6FXZWDKDJFASEVTWFD&marketplace=FLIPKART&store=clo%2Fodx%2Fmaj%2Fjhy&srno=b_2_45&otracker=browse&fm=organic&iid=4f187e50-412d-4000-b0b3-491b071904b8.DREG6FXZWDKDJFAS.SEARCH&ppt=None&ppn=None&ssid=ulr3gqi0ls0000001658756735101,39,"Women A-line Black, Brown Dress",4.2,1054,116,wonderful lovely 😍😍go for it 👍 very nice,2.2977,0.0025835704
224,http://flipkart.com/sheetal-associates-women-fit-flare-orange-dress/p/itmad8b0ae13b653?pid=DREG8FUZNP2NMXVB&lid=LSTDREG8FUZNP2NMXVBEWFCDG&marketplace=FLIPKART&store=clo%2Fodx%2Fmaj%2Fjhy&srno=b_7_245&otracker=browse&fm=organic&iid=498d350b-fe93-4a21-a700-ed1f1254a687.DREG8FUZNP2NMXVB.SEARCH&ppt=None&ppn=None&ssid=xtqx69xdo00000001658756741660,224,Women Fit and Flare Orange Dress,3.6,936,87,amazing product and a good floral very pretty dress and colour is also good febric is very comfortable and soft material like polyester soft polyester febric sleeves elastic bit tight otherwise very good dress nice dress☺️☺️❤️,4.4127,0.0024948794
177,http://flipkart.com/tokyo-talkies-women-fit-flare-black-dress/p/itm9df59c01793a1?pid=DREFZZTYRR8CTVUZ&lid=LSTDREFZZTYRR8CTVUZMQIZIJ&marketplace=FLIPKART&store=clo%2Fodx%2Fmaj%2Fjhy&srno=b_5_195&otracker=browse&fm=organic&iid=9db22210-7319-4f31-8a7d-13cb2f0edf9f.DREFZZTYRR8CTVUZ.SEARCH&ppt=None&ppn=None&ssid=vtbp9w2e2o0000001658756739007,177,Women Fit and Flare Black Dress,4.3,833,101,thanks for the dress 😊 loved it ❤️ this is a very beautiful dress very comfortable awesome dress,3.4931,0.0024907080
47,http://flipkart.com/sheetal-associates-women-bodycon-black-dress/p/itm9aa69f0c66b59?pid=DREG7ACS2RYQTKB7&lid=LSTDREG7ACS2RYQTKB7BQUD1M&marketplace=FLIPKART&store=clo%2Fodx%2Fmaj%2Fjhy&srno=b_2_54&otracker=browse&fm=organic&iid=4f187e50-412d-4000-b0b3-491b071904b8.DREG7ACS2RYQTKB7.SEARCH&ppt=None&ppn=None&ssid=ulr3gqi0ls0000001658756735101,47,Women Bodycon Black Dress,4,862,83,just loved perfect party wear♥️ nyc very nice 😍😍😍😍 good product 👍,3.9721,0.0023686186
56,http://flipkart.com/madhuram-textiles-women-gown-brown-dress/p/itm694921c0b6b43?pid=DREFSS4Y3NVTXP6Y&lid=LSTDREFSS4Y3NVTXP6YFIOHR7&marketplace=FLIPKART&store=clo%2Fodx%2Fmaj%2Fjhy&srno=b_2_64&otracker=browse&fm=organic&iid=en_eF5oaIWBewZUFTqFp6oLahmfwI6xxW2a3XAvnf7viUt6WFs5jiJyMXlvf7XtrZUzuLqojo83EgU18C9nSniqQQ%3D%3D&ppt=None&ppn=None&ssid=ulr3gqi0ls0000001658756735101,56,Women Gown Brown Dress,4.1,805,94,awesome the fabric is just perfect even they packed so nicelyworth the money the kurti is just perfectthnk u sooo much💖 product delivered as shown in picture perfect fitting and quality and nice fabric thanks flipkart,3.3812,0.0022738648
107,http://flipkart.com/madhuram-textiles-women-gown-brown-dress/p/itm694921c0b6b43?pid=DREFSS4Y3NVTXP6Y&lid=LSTDREFSS4Y3NVTXP6YFIOHR7&marketplace=FLIPKART&store=clo%2Fodx%2Fmaj%2Fjhy&srno=b_3_120&otracker=browse&fm=organic&iid=en_CPNIv7Tri7nhI1%2Fq3TgnKgeYRFTlxJyQV8BpTs26wSU06bRBpEUAXhtiWh9cD4v%2BuLqojo83EgU18C9nSniqQQ%3D%3D&ppt=None&ppn=None&ssid=3253kt4y000000001658756736902,107,Women Gown Brown Dress,4.1,805,94,awesome the fabric is just perfect even they packed so nicelyworth the money the kurti is just perfectthnk u sooo much💖 product delivered as shown in picture perfect fitting and quality and nice fabric thanks flipkart,3.3812,0.0022738648
140,http://flipkart.com/madhuram-textiles-women-gown-brown-dress/p/itm694921c0b6b43?pid=DREFSS4YM6CUGNFW&lid=LSTDREFSS4YM6CUGNFW5K8LAJ&marketplace=FLIPKART&store=clo%2Fodx%2Fmaj%2Fjhy&srno=b_4_156&otracker=browse&fm=organic&iid=en_C99HVefgtEX76a1jASv7Mhx8xw8HzL%2Fh2uP9fQRHMLj0d9nuKg0dMK%2BcWmb4lQ7KR0pjeKL49h9uWbbGypyfoQ%3D%3D&ppt=None&ppn=None&ssid=eyr0hefdxs0000001658756737931,140,Women Gown Brown Dress,4.1,805,94,awesome the fabric is just perfect even they packed so nicelyworth the money the kurti is just perfectthnk u sooo much💖 product delivered as shown in picture perfect fitting and quality and nice fabric thanks flipkart,3.3812,0.0022738648
253,http://flipkart.com/madhuram-textiles-women-gown-brown-dress/p/itm694921c0b6b43?pid=DREFSS4YM6CUGNFW&lid=LSTDREFSS4YM6CUGNFW5K8LAJ&marketplace=FLIPKART&store=clo%2Fodx%2Fmaj%2Fjhy&srno=b_7_276&otracker=browse&fm=organic&iid=en_9%2BmzLsy51trwHAvJ2DwswImedrLP9p1GeogpBJTkD0OQ9jLfXGc55had2swgAxsbR0pjeKL49h9uWbbGypyfoQ%3D%3D&ppt=None&ppn=None&ssid=xtqx69xdo00000001658756741660,253,Women Gown Brown Dress,4.1,805,94,awesome the fabric is just perfect even they packed so nicelyworth the money the kurti is just perfectthnk u sooo much💖 product delivered as shown in picture perfect fitting and quality and nice fabric thanks flipkart,3.3812,0.0022738648
290,http://flipkart.com/madhuram-textiles-women-gown-brown-dress/p/itm694921c0b6b43?pid=DREFSS4Y3NVTXP6Y&lid=LSTDREFSS4Y3NVTXP6YFIOHR7&marketplace=FLIPKART&store=clo%2Fodx%2Fmaj%2Fjhy&srno=b_8_316&otracker=browse&fm=organic&iid=en_4NHvBEWQTX%2B1pNk6x%2Fegt07vDvSCtsMRfD36wl799tizJJtp56O9N3Cc2DKqoE1Op9t1vU754rkSG6QbpJZO3g%3D%3D&ppt=None&ppn=None&ssid=4gx8zex8e80000001658756742655,290,Women Gown Brown Dress,4.1,805,94,awesome the fabric is just perfect even they packed so nicelyworth the money the kurti is just perfectthnk u sooo much💖 product delivered as shown in picture perfect fitting and quality and nice fabric thanks flipkart,3.3812,0.0022738648
288,http://flipkart.com/sassafras-women-a-line-dark-blue-white-dress/p/itm00518e2240d44?pid=DREFPYMWYKHYGC9V&lid=LSTDREFPYMWYKHYGC9VMYEHLN&marketplace=FLIPKART&store=clo%2Fodx%2Fmaj%2Fjhy&srno=b_8_314&otracker=browse&fm=organic&iid=5f63d83d-9940-40b4-ac45-834eaaf2387a.DREFPYMWYKHYGC9V.SEARCH&ppt=None&ppn=None&ssid=4gx8zex8e80000001658756742655,288,"Women A-line Dark Blue, White Dress",4.1,922,84,love this dress pretty good fabric and fitting perfect loved this dress,2.7425,0.0022142797
126,http://flipkart.com/sheetal-associates-women-wrap-black-dress/p/itm3a9e9d3e169ed?pid=DREG6WT3Z2JHJSM7&lid=LSTDREG6WT3Z2JHJSM7GFLKQC&marketplace=FLIPKART&store=clo%2Fodx%2Fmaj%2Fjhy&srno=b_4_142&otracker=browse&fm=organic&iid=475b9e0f-e2fa-443e-9c2e-3bffb00fcde6.DREG6WT3Z2JHJSM7.SEARCH&ppt=None&ppn=None&ssid=eyr0hefdxs0000001658756737931,126,Women Wrap Black Dress,4.1,973,111,beautiful dress lovely dress beautiful dress,1.7847,0.0022053986
276,http://flipkart.com/sheetal-associates-women-fit-flare-green-dress/p/itm2ef88cb12f2b9?pid=DREG7TA5JGAUBPWW&lid=LSTDREG7TA5JGAUBPWWZO1BRF&marketplace=FLIPKART&store=clo%2Fodx%2Fmaj%2Fjhy&srno=b_8_301&otracker=browse&fm=organic&iid=5f63d83d-9940-40b4-ac45-834eaaf2387a.DREG7TA5JGAUBPWW.SEARCH&ppt=None&ppn=None&ssid=4gx8zex8e80000001658756742655,276,Women Fit and Flare Green Dress,4,982,80,best dress this product is very good the product is really nice ☺️i was really happy with the delivery time it just took 3 days to reach,2.5553,0.0021988455
312,http://flipkart.com/sheetal-associates-women-fit-flare-purple-dress/p/itme02db50f4aadb?pid=DREG7TA7JJ2DZQPT&lid=LSTDREG7TA7JJ2DZQPTXZAHAR&marketplace=FLIPKART&store=clo%2Fodx%2Fmaj%2Fjhy&srno=b_9_341&otracker=browse&fm=organic&iid=5e78f7a3-22ff-4166-bd37-1a923266d9fe.DREG7TA7JJ2DZQPT.SEARCH&ppt=None&ppn=None&ssid=addztmnj2o0000001658756744894,312,Women Fit and Flare Purple Dress,4,982,80,best dress this product is very good the product is really nice ☺️i was really happy with the delivery time it just took 3 days to reach,2.5553,0.0021988455
323,http://flipkart.com/sheetal-associates-women-fit-flare-blue-dress/p/itm649c7b2a56d17?pid=DREG7TA59B6AYDER&lid=LSTDREG7TA59B6AYDERV8B4T9&marketplace=FLIPKART&store=clo%2Fodx%2Fmaj%2Fjhy&srno=b_9_353&otracker=browse&fm=organic&iid=5e78f7a3-22ff-4166-bd37-1a923266d9fe.DREG7TA59B6AYDER.SEARCH&ppt=None&ppn=None&ssid=addztmnj2o0000001658756744894,323,Women Fit and Flare Blue Dress,4,982,80,best dress this product is very good the product is really nice ☺️i was really happy with the delivery time it just took 3 days to reach,2.5553,0.0021988455
331,http://flipkart.com/sheetal-associates-women-fit-flare-green-dress/p/itm2ef88cb12f2b9?pid=DREG7TA5JGAUBPWW&lid=LSTDREG7TA5JGAUBPWWZO1BRF&marketplace=FLIPKART&store=clo%2Fodx%2Fmaj%2Fjhy&srno=b_10_361&otracker=browse&fm=organic&iid=059e3c9c-55a2-4fb4-b8bb-8450b82447a7.DREG7TA5JGAUBPWW.SEARCH&ppt=None&ppn=None&ssid=7rgz4b6q000000001658756745981,331,Women Fit and Flare Green Dress,4,982,80,best dress this product is very good the product is really nice ☺️i was really happy with the delivery time it just took 3 days to reach,2.5553,0.0021988455
343,http://flipkart.com/sheetal-associates-women-fit-flare-blue-dress/p/itm649c7b2a56d17?pid=DREG7TA59B6AYDER&lid=LSTDREG7TA59B6AYDERV8B4T9&marketplace=FLIPKART&store=clo%2Fodx%2Fmaj%2Fjhy&srno=b_10_374&otracker=browse&fm=organic&iid=059e3c9c-55a2-4fb4-b8bb-8450b82447a7.DREG7TA59B6AYDER.SEARCH&ppt=None&ppn=None&ssid=7rgz4b6q000000001658756745981,343,Women Fit and Flare Blue Dress,4,982,80,best dress this product is very good the product is really nice ☺️i was really happy with the delivery time it just took 3 days to reach,2.5553,0.0021988455
41,http://flipkart.com/glamcci-women-layered-black-dress/p/itm8857555da6d0e?pid=DREG7WXF4ZFKDFDM&lid=LSTDREG7WXF4ZFKDFDMVYN71I&marketplace=FLIPKART&store=clo%2Fodx%2Fmaj%2Fjhy&srno=b_2_47&otracker=browse&fm=organic&iid=en_eF5oaIWBewZUFTqFp6oLahmfwI6xxW2a3XAvnf7viUv%2BRJziQ6H4fZl%2FXtMB78PrhyKHrF8hzwz3T2cBbUCOsQ%3D%3D&ppt=None&ppn=None&ssid=ulr3gqi0ls0000001658756735101,41,Women Layered Black Dress,3.8,947,92,lovely dress loved the dress it just made my day ❤️❤️❤️ this dress is too cute go for it i bought it for my birthday,1.6441,0.0019093173
81,http://flipkart.com/glamcci-women-layered-black-dress/p/itm8857555da6d0e?pid=DREG7WXF4ZFKDFDM&lid=LSTDREG7WXF4ZFKDFDMVYN71I&marketplace=FLIPKART&store=clo%2Fodx%2Fmaj%2Fjhy&srno=b_3_92&otracker=browse&fm=organic&iid=en_CPNIv7Tri7nhI1%2Fq3TgnKgeYRFTlxJyQV8BpTs26wSXEIJTG%2FVPOVMM2Lcn%2FDiVBhyKHrF8hzwz3T2cBbUCOsQ%3D%3D&ppt=None&ppn=None&ssid=3253kt4y000000001658756736902,81,Women Layered Black Dress,3.8,947,92,lovely dress loved the dress it just made my day ❤️❤️❤️ this dress is too cute go for it i bought it for my birthday,1.6441,0.0019093173
117,http://flipkart.com/glamcci-women-layered-black-dress/p/itm8857555da6d0e?pid=DREG7WXF4ZFKDFDM&lid=LSTDREG7WXF4ZFKDFDMVYN71I&marketplace=FLIPKART&store=clo%2Fodx%2Fmaj%2Fjhy&srno=b_4_132&otracker=browse&fm=organic&iid=en_C99HVefgtEX76a1jASv7Mhx8xw8HzL%2Fh2uP9fQRHMLjHTmCPVGQq3iDeADxO7bothyKHrF8hzwz3T2cBbUCOsQ%3D%3D&ppt=None&ppn=None&ssid=eyr0hefdxs0000001658756737931,117,Women Layered Black Dress,3.8,947,92,lovely dress loved the dress it just made my day ❤️❤️❤️ this dress is too cute go for it i bought it for my birthday,1.6441,0.0019093173
128,http://flipkart.com/glamcci-women-layered-brown-dress/p/itm0a947f59f9834?pid=DREGDK5GHAHYZQNV&lid=LSTDREGDK5GHAHYZQNVNK73TL&marketplace=FLIPKART&store=clo%2Fodx%2Fmaj%2Fjhy&srno=b_4_144&otracker=browse&fm=organic&iid=en_C99HVefgtEX76a1jASv7Mhx8xw8HzL%2Fh2uP9fQRHMLjJelo%2Ft0y64FpVHTq0POA0Jv9fhclBg12V2jjAJtjxUQ%3D%3D&ppt=None&ppn=None&ssid=eyr0hefdxs0000001658756737931,128,Women Layered Brown Dress,3.8,947,92,lovely dress loved the dress it just made my day ❤️❤️❤️ this dress is too cute go for it i bought it for my birthday,1.6441,0.0019093173
230,http://flipkart.com/glamcci-women-layered-black-dress/p/itm8857555da6d0e?pid=DREG7WXF4ZFKDFDM&lid=LSTDREG7WXF4ZFKDFDMVYN71I&marketplace=FLIPKART&store=clo%2Fodx%2Fmaj%2Fjhy&srno=b_7_252&otracker=browse&fm=organic&iid=en_9%2BmzLsy51trwHAvJ2DwswImedrLP9p1GeogpBJTkD0Pvqgy62Njb843WBUZPJsJ0hyKHrF8hzwz3T2cBbUCOsQ%3D%3D&ppt=None&ppn=None&ssid=xtqx69xdo00000001658756741660,230,Women Layered Black Dress,3.8,947,92,lovely dress loved the dress it just made my day ❤️❤️❤️ this dress is too cute go for it i bought it for my birthday,1.6441,0.0019093173
241,http://flipkart.com/glamcci-women-layered-brown-dress/p/itm0a947f59f9834?pid=DREGDK5GHAHYZQNV&lid=LSTDREGDK5GHAHYZQNVNK73TL&marketplace=FLIPKART&store=clo%2Fodx%2Fmaj%2Fjhy&srno=b_7_264&otracker=browse&fm=organic&iid=en_9%2BmzLsy51trwHAvJ2DwswImedrLP9p1GeogpBJTkD0O0%2FT3%2FC%2FOUSEU%2FVKxl4Hc2Jv9fhclBg12V2jjAJtjxUQ%3D%3D&ppt=None&ppn=None&ssid=xtqx69xdo00000001658756741660,241,Women Layered Brown Dress,3.8,947,92,lovely dress loved the dress it just made my day ❤️❤️❤️ this dress is too cute go for it i bought it for my birthday,1.6441,0.0019093173
304,http://flipkart.com/glamcci-women-layered-black-dress/p/itm8857555da6d0e?pid=DREG7WXF4ZFKDFDM&lid=LSTDREG7WXF4ZFKDFDMVYN71I&marketplace=FLIPKART&store=clo%2Fodx%2Fmaj%2Fjhy&srno=b_9_332&otracker=browse&fm=organic&iid=en_YR0nD3xAyVWf5dNuT7RPJr1WhBj9S5Uldsgv9yufQlnAX%2FanSaK6xGBaFQAnru49hyKHrF8hzwz3T2cBbUCOsQ%3D%3D&ppt=None&ppn=None&ssid=addztmnj2o0000001658756744894,304,Women Layered Black Dress,3.8,947,92,lovely dress loved the dress it just made my day ❤️❤️❤️ this dress is too cute go for it i bought it for my birthday,1.6441,0.0019093173
283,http://flipkart.com/stylestone-women-shirt-light-blue-dress/p/itm9cd2a7f3acd0f?pid=DREFKMFHWSUT2MJD&lid=LSTDREFKMFHWSUT2MJDH4BB6V&marketplace=FLIPKART&store=clo%2Fodx%2Fmaj%2Fjhy&srno=b_8_309&otracker=browse&fm=organic&iid=5f63d83d-9940-40b4-ac45-834eaaf2387a.DREFKMFHWSUT2MJD.SEARCH&ppt=None&ppn=None&ssid=4gx8zex8e80000001658756742655,283,Women Shirt Light Blue Dress,4,871,117,good purchase good quality good,1.3212,0.0018722702
196,http://flipkart.com/7800-group-women-a-line-multicolor-dress/p/itm3f29808bfe75f?pid=DREG5KZJGHGKRPVH&lid=LSTDREG5KZJGHGKRPVHS0SPQA&marketplace=FLIPKART&store=clo%2Fodx%2Fmaj%2Fjhy&srno=b_6_215&otracker=browse&fm=organic&iid=0f40640d-1f08-4370-8215-c3638c9d9b71.DREG5KZJGHGKRPVH.SEARCH&ppt=None&ppn=None&ssid=gbo1wgpztc0000001658756740571,196,Women A-line Multicolor Dress,3.9,744,78,nice dress  quality good this dress is really beautiful made by premium quality cloth material sleevless dress looks very modern stylish super dress soft material my daughter loved it,2.6601,0.0017891154
279,http://flipkart.com/sassafras-women-a-line-brown-orange-dress/p/itma59963bd61de4?pid=DREFPKA8E9GFNY8A&lid=LSTDREFPKA8E9GFNY8ASFL3WU&marketplace=FLIPKART&store=clo%2Fodx%2Fmaj%2Fjhy&srno=b_8_305&otracker=browse&fm=organic&iid=5f63d83d-9940-40b4-ac45-834eaaf2387a.DREFPKA8E9GFNY8A.SEARCH&ppt=None&ppn=None&ssid=4gx8zex8e80000001658756742655,279,"Women A-line Brown, Orange Dress",4.2,1044,118,,0,0.0017885732
340,http://flipkart.com/selvia-women-bodycon-pink-dress/p/itm233c808cc3ff4?pid=DREG9NTSWRJPHEPK&lid=LSTDREG9NTSWRJPHEPKWNLEUR&marketplace=FLIPKART&store=clo%2Fodx%2Fmaj%2Fjhy&srno=b_10_370&otracker=browse&fm=organic&iid=059e3c9c-55a2-4fb4-b8bb-8450b82447a7.DREG9NTSWRJPHEPK.SEARCH&ppt=None&ppn=None&ssid=7rgz4b6q000000001658756745981,340,Women Bodycon Pink Dress,4.2,609,74,i loved it love the colour and its prefect and looks adorable 🥰🥰 fabulous frock as it shown in pic,3.1962,0.0017336040
303,http://flipkart.com/dressar-women-high-low-maroon-dress/p/itm0bdcfbfe5715c?pid=DREG9MHCHJPGFPD8&lid=LSTDREG9MHCHJPGFPD8DV5RCQ&marketplace=FLIPKART&store=clo%2Fodx%2Fmaj%2Fjhy&srno=b_9_331&otracker=browse&fm=organic&iid=5e78f7a3-22ff-4166-bd37-1a923266d9fe.DREG9MHCHJPGFPD8.SEARCH&ppt=None&ppn=None&ssid=addztmnj2o0000001658756744894,303,Women High Low Maroon Dress,3.8,732,55,very nice kurti fabric is also good the fabric is too good and soft super product👌👌,2.8072,0.0015852209
73,http://flipkart.com/selvia-women-sheath-blue-dress/p/itm653b2a9a85e40?pid=DREGABBQEHF8HFHF&lid=LSTDREGABBQEHF8HFHFIUMIQK&marketplace=FLIPKART&store=clo%2Fodx%2Fmaj%2Fjhy&srno=b_3_83&otracker=browse&fm=organic&iid=518e877b-2c85-48a1-b683-3dc7f39eb17a.DREGABBQEHF8HFHF.SEARCH&ppt=None&ppn=None&ssid=3253kt4y000000001658756736902,73,Women Sheath Blue Dress,4.1,425,63,extremely good quality 😍 perfect fit i have bought m size…very much happy with the purchase excellentamazingsuperits s size  perfect fit for me thanks flipckart nice dress,4.1992,0.0014828473
301,http://flipkart.com/oomph-plus-women-maxi-yellow-dress/p/itmf6c1548c99c08?pid=DREG6HYDPQV5WTXE&lid=LSTDREG6HYDPQV5WTXETZBOU4&marketplace=FLIPKART&store=clo%2Fodx%2Fmaj%2Fjhy&srno=b_9_329&otracker=browse&fm=organic&iid=5e78f7a3-22ff-4166-bd37-1a923266d9fe.DREG6HYDPQV5WTXE.SEARCH&ppt=None&ppn=None&ssid=addztmnj2o0000001658756744894,301,Women Maxi Yellow Dress,4,641,52,super product i just love it ❤️❤️❤️ awesome excellent quality value for money same as shown in pic go for it,2.7731,0.0014667082
285,http://flipkart.com/vaani-creation-women-empire-waist-multicolor-dress/p/itmb33b7795ee62b?pid=DREGB8MGQQKBJEKB&lid=LSTDREGB8MGQQKBJEKBVOCN9V&marketplace=FLIPKART&store=clo%2Fodx%2Fmaj%2Fjhy&srno=b_8_311&otracker=browse&fm=organic&iid=5f63d83d-9940-40b4-ac45-834eaaf2387a.DREGB8MGQQKBJEKB.SEARCH&ppt=None&ppn=None&ssid=4gx8zex8e80000001658756742655,285,Women Empire Waist Multicolor Dress,3.8,686,63,dress design was good but the length of the dress is too long for me just wow 😁 nice,1.9066,0.0014138743
191,http://flipkart.com/shree-kannan-women-maxi-white-dress/p/itm478abdb30e7de?pid=DREG5KCEFGS5FNFV&lid=LSTDREG5KCEFGS5FNFVSKLAOP&marketplace=FLIPKART&store=clo%2Fodx%2Fmaj%2Fjhy&srno=b_6_210&otracker=browse&fm=organic&iid=0f40640d-1f08-4370-8215-c3638c9d9b71.DREG5KCEFGS5FNFV.SEARCH&ppt=None&ppn=None&ssid=gbo1wgpztc0000001658756740571,191,Women Maxi White Dress,3.8,435,61,nice dress😍 beautiful dressi loved it🥰 buy 1 size large than ur usual size colour is little light otherwise its a gud dress thank u🙂,3.651,0.0013242359
309,http://flipkart.com/tokyo-talkies-women-a-line-black-dress/p/itm878fe5a82246b?pid=DREG26ZZJPFM5KYD&lid=LSTDREG26ZZJPFM5KYD0H343Z&marketplace=FLIPKART&store=clo%2Fodx%2Fmaj%2Fjhy&srno=b_9_337&otracker=browse&fm=organic&iid=5e78f7a3-22ff-4166-bd37-1a923266d9fe.DREG26ZZJPFM5KYD.SEARCH&ppt=None&ppn=None&ssid=addztmnj2o0000001658756744894,309,Women A-line Black Dress,4.3,744,84,,0,0.0013049634
264,http://flipkart.com/selvia-women-fit-flare-pink-dress/p/itm484c567338725?pid=DREGBTFUVUKJ2DXG&lid=LSTDREGBTFUVUKJ2DXGZT4P97&marketplace=FLIPKART&store=clo%2Fodx%2Fmaj%2Fjhy&srno=b_8_287&otracker=browse&fm=organic&iid=5f63d83d-9940-40b4-ac45-834eaaf2387a.DREGBTFUVUKJ2DXG.SEARCH&ppt=None&ppn=None&ssid=4gx8zex8e80000001658756742655,264,Women Fit and Flare Pink Dress,3.8,514,36,superb quality and very much fashionable i love it nice but not good its superb and beautiful😍❤❤,3.6946,0.0011848871
87,http://flipkart.com/sassafras-women-a-line-blue-dress/p/itmfby5bwapft2dh?pid=DREFBYFJP6SGX2ZD&lid=LSTDREFBYFJP6SGX2ZDAC7HY1&marketplace=FLIPKART&store=clo%2Fodx%2Fmaj%2Fjhy&srno=b_3_98&otracker=browse&fm=organic&iid=518e877b-2c85-48a1-b683-3dc7f39eb17a.DREFBYFJP6SGX2ZD.SEARCH&ppt=None&ppn=None&ssid=3253kt4y000000001658756736902,87,Women A-line Blue Dress,4.2,440,52,love it👌👌👌 amazing not too good 😒,2.6177,0.0011510661
266,http://flipkart.com/stylestone-women-maxi-yellow-dress/p/itm5abfb1a4c442b?pid=DREFKMFMUZ2A8S6G&lid=LSTDREFKMFMUZ2A8S6GJBOOXW&marketplace=FLIPKART&store=clo%2Fodx%2Fmaj%2Fjhy&srno=b_8_290&otracker=browse&fm=organic&iid=5f63d83d-9940-40b4-ac45-834eaaf2387a.DREFKMFMUZ2A8S6G.SEARCH&ppt=None&ppn=None&ssid=4gx8zex8e80000001658756742655,266,Women Maxi Yellow Dress,4.2,218,36,same as shown in picfabric quality is really great awesome dressmust buy i am 51 and ordered a s size the fit is perfect dress material and color is as shown in the image it has full lining inside and i love love love the colour😘 i got compliments for the dress from my friends as well just go for it it\s totally worth it superbnice producti love it thank u flipkart,6.8913,0.0010975063
221,http://flipkart.com/slenor-women-a-line-blue-dress/p/itm9fc2c57c3097a?pid=DREG5EECJZ2N4FKP&lid=LSTDREG5EECJZ2N4FKPZOIFAT&marketplace=FLIPKART&store=clo%2Fodx%2Fmaj%2Fjhy&srno=b_7_242&otracker=browse&fm=organic&iid=498d350b-fe93-4a21-a700-ed1f1254a687.DREG5EECJZ2N4FKP.SEARCH&ppt=None&ppn=None&ssid=xtqx69xdo00000001658756741660,221,Women A-line Blue Dress,4.4,576,79,,0,0.0010337895
320,http://flipkart.com/slenor-women-a-line-maroon-dress/p/itm69f6206213c6e?pid=DREG5EEDEESKFN7F&lid=LSTDREG5EEDEESKFN7FY6RUHF&marketplace=FLIPKART&store=clo%2Fodx%2Fmaj%2Fjhy&srno=b_9_350&otracker=browse&fm=organic&iid=5e78f7a3-22ff-4166-bd37-1a923266d9fe.DREG5EEDEESKFN7F.SEARCH&ppt=None&ppn=None&ssid=addztmnj2o0000001658756744894,320,Women A-line Maroon Dress,4.4,576,79,,0,0.0010337895
336,http://flipkart.com/tokyo-talkies-women-a-line-red-dress/p/itm6b88cd687e7d1?pid=DREG27YFUUX7FNC5&lid=LSTDREG27YFUUX7FNC57MPJJN&marketplace=FLIPKART&store=clo%2Fodx%2Fmaj%2Fjhy&srno=b_10_366&otracker=browse&fm=organic&iid=059e3c9c-55a2-4fb4-b8bb-8450b82447a7.DREG27YFUUX7FNC5.SEARCH&ppt=None&ppn=None&ssid=7rgz4b6q000000001658756745981,336,Women A-line Red Dress,4.1,356,38,i was just scrolling top for myself then i just saw one top of tokyo talkies and i just ordered as it was so cheapcostwise so i thought it must be cheap quality wise too but it was amazing then onwards i became huge fan of tokyo talkies and this is mine 5th purchase of this brand tokyo talkies never disappoints me ❤ beautiful cloth is very good and it look very classy,3.8389,0.0010211143
272,http://flipkart.com/tokyo-talkies-women-skater-pink-dress/p/itm342c8bc715aa1?pid=DREGBFF47PFV2ZT5&lid=LSTDREGBFF47PFV2ZT5HJJEJJ&marketplace=FLIPKART&store=clo%2Fodx%2Fmaj%2Fjhy&srno=b_8_297&otracker=browse&fm=organic&iid=5f63d83d-9940-40b4-ac45-834eaaf2387a.DREGBFF47PFV2ZT5.SEARCH&ppt=None&ppn=None&ssid=4gx8zex8e80000001658756742655,272,Women Skater Pink Dress,4.1,310,33,wow so beautiful dress 💗it looks soo cute and the cloth quality is 100 size runs way too small like 2 sizes larger u need to get the quality is good but definitely size is an issue awesome dress,3.6504,0.0008700112
154,http://flipkart.com/tokyo-talkies-women-a-line-black-dress/p/itme6f211327ad76?pid=DREFVFZFKH6KZS5T&lid=LSTDREFVFZFKH6KZS5T1UJZVA&marketplace=FLIPKART&store=clo%2Fodx%2Fmaj%2Fjhy&srno=b_5_170&otracker=browse&fm=organic&iid=9db22210-7319-4f31-8a7d-13cb2f0edf9f.DREFVFZFKH6KZS5T.SEARCH&ppt=None&ppn=None&ssid=vtbp9w2e2o0000001658756739007,154,Women A-line Black Dress,4,338,41,ex awesome dress👌👌👌 quality is very goodand good for summer the dress is beautiful,2.6192,0.0008648897
114,http://flipkart.com/slenor-women-pleated-yellow-dress/p/itm96f9419c1d457?pid=DREG7EMEVTNVMBGK&lid=LSTDREG7EMEVTNVMBGKUR8691&marketplace=FLIPKART&store=clo%2Fodx%2Fmaj%2Fjhy&srno=b_4_129&otracker=browse&fm=organic&iid=475b9e0f-e2fa-443e-9c2e-3bffb00fcde6.DREG7EMEVTNVMBGK.SEARCH&ppt=None&ppn=None&ssid=eyr0hefdxs0000001658756737931,114,Women Pleated Yellow Dress,4.2,362,49,just loved it loved it must buy good quality productit is same as shown in the picturebeautiful colourcomfortable to wearone must go for it👍,1.6392,0.0008545885
351,http://flipkart.com/tokyo-talkies-women-maxi-yellow-dress/p/itm0ab8bf9fd6925?pid=DREG82FTENRFZBKZ&lid=LSTDREG82FTENRFZBKZIVYYIX&marketplace=FLIPKART&store=clo%2Fodx%2Fmaj%2Fjhy&srno=b_10_383&otracker=browse&fm=organic&iid=059e3c9c-55a2-4fb4-b8bb-8450b82447a7.DREG82FTENRFZBKZ.SEARCH&ppt=None&ppn=None&ssid=7rgz4b6q000000001658756745981,351,Women Maxi Yellow Dress,3.8,346,31,the product is very nice ☺️ tqsm flipkart for this product  you all can buy it its same as shown on the mobile screen 🙂 thank you not a fan of the sleeves otherwise its good quality of the product is good according to the price the best,3.4807,0.0008512172
201,http://flipkart.com/selvia-women-bodycon-green-dress/p/itmcc4a03479ef91?pid=DREGCYVZGDK5CHDK&lid=LSTDREGCYVZGDK5CHDKBHFBMJ&marketplace=FLIPKART&store=clo%2Fodx%2Fmaj%2Fjhy&srno=b_6_222&otracker=browse&fm=organic&iid=0f40640d-1f08-4370-8215-c3638c9d9b71.DREGCYVZGDK5CHDK.SEARCH&ppt=None&ppn=None&ssid=gbo1wgpztc0000001658756740571,201,Women Bodycon Green Dress,4.2,230,24,fantastic and very ni dress 👗 im so happy 😊 and very comfortable dress good 👍😊🥰🥰🥰🥰 very nice 👍 attractive dress awesome product🥰🥰🥰,6.2455,0.0008314875
328,http://flipkart.com/tokyo-talkies-women-maxi-maroon-dress/p/itmfgfjcrencuhdv?pid=DREFGFH7TFDMHXRC&lid=LSTDREFGFH7TFDMHXRCB9AJS6&marketplace=FLIPKART&store=clo%2Fodx%2Fmaj%2Fjhy&srno=b_9_358&otracker=browse&fm=organic&iid=5e78f7a3-22ff-4166-bd37-1a923266d9fe.DREFGFH7TFDMHXRC.SEARCH&ppt=None&ppn=None&ssid=addztmnj2o0000001658756744894,328,Women Maxi Maroon Dress,3.8,414,59,osum dress😍 lovedit great product,1.0837,0.0008283141
69,http://flipkart.com/dry-state-women-fit-flare-multicolor-dress/p/itm34c2ba1dc259d?pid=DREGFBTEGH3KKKJZ&lid=LSTDREGFBTEGH3KKKJZKOWGOW&marketplace=FLIPKART&store=clo%2Fodx%2Fmaj%2Fjhy&srno=b_2_79&otracker=browse&fm=organic&iid=4f187e50-412d-4000-b0b3-491b071904b8.DREGFBTEGH3KKKJZ.SEARCH&ppt=None&ppn=None&ssid=ulr3gqi0ls0000001658756735101,69,Women Fit and Flare Multicolor Dress,3.9,289,39,dress is beautiful to see but bad quality  when you sweat sleeve colour will spread to the white colour portion better do not buy nice dress 👍 everything is beautiful about the dress am so loving it😍,2.5766,0.0007530155
315,http://flipkart.com/sassafras-women-pinafore-white-dress/p/itm81a4359261ea8?pid=DREFVB5B4HXXWUSC&lid=LSTDREFVB5B4HXXWUSC5NEXW0&marketplace=FLIPKART&store=clo%2Fodx%2Fmaj%2Fjhy&srno=b_9_345&otracker=browse&fm=organic&iid=5e78f7a3-22ff-4166-bd37-1a923266d9fe.DREFVB5B4HXXWUSC.SEARCH&ppt=None&ppn=None&ssid=addztmnj2o0000001658756744894,315,Women Pinafore White Dress,3.8,238,32,overall nice❤️ superb👌👌👌👌👌👌love it😍😍😍😍😍😍worthy of money😇😇😇😇😇😇😇😇 worth buying go for it extremely adorable,4.0541,0.0007475222
70,http://flipkart.com/metronaut-women-t-shirt-grey-dress/p/itm7a456cdd431a1?pid=DREFZE74N8H5DCFF&lid=LSTDREFZE74N8H5DCFF2XACHC&marketplace=FLIPKART&store=clo%2Fodx%2Fmaj%2Fjhy&srno=b_2_80&otracker=browse&fm=organic&iid=en_eF5oaIWBewZUFTqFp6oLahmfwI6xxW2a3XAvnf7viUtHy1wlDveCW0DgBEi4OLKZV5sEGR6MHQpFcPy5wXQ9tA%3D%3D&ppt=None&ppn=None&ssid=ulr3gqi0ls0000001658756735101,70,Women T Shirt Grey Dress,4.2,345,37,nice dress nice quality  colour is also goodlike it a lot good 👍🏻,1.2834,0.0007296367
215,http://flipkart.com/metronaut-women-t-shirt-grey-dress/p/itm7a456cdd431a1?pid=DREFZE74N8H5DCFF&lid=LSTDREFZE74N8H5DCFF2XACHC&marketplace=FLIPKART&store=clo%2Fodx%2Fmaj%2Fjhy&srno=b_6_236&otracker=browse&fm=organic&iid=en_rGmQh6SQt%2FnCusYCCzlvyxfLKCqlzjo%2FLFWZdUWNQJCLXXPlN5uX%2F0fNVvAoRbosGu2H8wBPxQgSz1tPD83x6g%3D%3D&ppt=None&ppn=None&ssid=gbo1wgpztc0000001658756740571,215,Women T Shirt Grey Dress,4.2,345,37,nice dress nice quality  colour is also goodlike it a lot good 👍🏻,1.2834,0.0007296367
366,http://flipkart.com/metronaut-women-t-shirt-grey-dress/p/itm7a456cdd431a1?pid=DREFZE74N8H5DCFF&lid=LSTDREFZE74N8H5DCFF2XACHC&marketplace=FLIPKART&store=clo%2Fodx%2Fmaj%2Fjhy&srno=b_10_400&otracker=browse&fm=organic&iid=en_HuDUzw5bUJMADomwPz337D3siJ3jsMe%2FwZLDzWEtbn0l8tvcVj2S0iQLDlwv8t2LV5sEGR6MHQpFcPy5wXQ9tA%3D%3D&ppt=None&ppn=None&ssid=7rgz4b6q000000001658756745981,366,Women T Shirt Grey Dress,4.2,345,37,nice dress nice quality  colour is also goodlike it a lot good 👍🏻,1.2834,0.0007296367
220,http://flipkart.com/addyvero-women-bodycon-black-dress/p/itm9cbd8a148362a?pid=DREG9GYEZYXKGNKZ&lid=LSTDREG9GYEZYXKGNKZ69IXQT&marketplace=FLIPKART&store=clo%2Fodx%2Fmaj%2Fjhy&srno=b_7_241&otracker=browse&fm=organic&iid=498d350b-fe93-4a21-a700-ed1f1254a687.DREG9GYEZYXKGNKZ.SEARCH&ppt=None&ppn=None&ssid=xtqx69xdo00000001658756741660,220,Women Bodycon Black Dress,4.3,201,28,please take a moment and give a applause for this brand and this a breathtaking dress fitting was beautiful colour was beautiful and fabric in this price was incredible and affordable frankly speaking i ordered this dress at last moment but i don’t even know this brand and i’m so worried about fabric coz it’s my graduation farewell but kneel down to this dress …now i’m in love this dress 🦋 good material according to rate very nice 😊😊product,4.5002,0.0007202923
130,http://flipkart.com/dressberry-women-fit-flare-green-dress/p/itm071a68ee9476d?pid=DREFZQ9BH9TQPARD&lid=LSTDREFZQ9BH9TQPARDIIVKCU&marketplace=FLIPKART&store=clo%2Fodx%2Fmaj%2Fjhy&srno=b_4_146&otracker=browse&fm=organic&iid=475b9e0f-e2fa-443e-9c2e-3bffb00fcde6.DREFZQ9BH9TQPARD.SEARCH&ppt=None&ppn=None&ssid=eyr0hefdxs0000001658756737931,130,Women Fit and Flare Green Dress,4,294,31,bought this dress for my sistershe loved it ❤️the material of the dress is good and comfortable to wear looks really pretty loved it,2.6437,0.0007188751
280,http://flipkart.com/selvia-women-sheath-green-dress/p/itm6374e2d811eae?pid=DREGBGH8A4ZQ92Q3&lid=LSTDREGBGH8A4ZQ92Q3645XJN&marketplace=FLIPKART&store=clo%2Fodx%2Fmaj%2Fjhy&srno=b_8_306&otracker=browse&fm=organic&iid=5f63d83d-9940-40b4-ac45-834eaaf2387a.DREGBGH8A4ZQ92Q3.SEARCH&ppt=None&ppn=None&ssid=4gx8zex8e80000001658756742655,280,Women Sheath Green Dress,3.9,252,29,this dress is osm must buy this nice im very much satisfaction with this item 💙the dress is so beautiful 😍  the supplier and delivery is to fast i appreciate to flip kart beyond words to express my thanks ❤thank you flipkart 💞,3.411,0.0006895778
194,http://flipkart.com/tokyo-talkies-women-a-line-green-dress/p/itme6eaa6e3bd431?pid=DREFU4QSXNCGVGK2&lid=LSTDREFU4QSXNCGVGK2ULRAV6&marketplace=FLIPKART&store=clo%2Fodx%2Fmaj%2Fjhy&srno=b_6_213&otracker=browse&fm=organic&iid=0f40640d-1f08-4370-8215-c3638c9d9b71.DREFU4QSXNCGVGK2.SEARCH&ppt=None&ppn=None&ssid=gbo1wgpztc0000001658756740571,194,Women A-line Green Dress,4.2,212,29,good 🙂 super comfy and beautiful dressgood stuff  i love it 🤗😻💞,3.5573,0.0006642697
80,http://flipkart.com/tokyo-talkies-women-bodycon-brown-dress/p/itm32d5258c549ff?pid=DREG9EWEWB2S8GXQ&lid=LSTDREG9EWEWB2S8GXQZBKEAC&marketplace=FLIPKART&store=clo%2Fodx%2Fmaj%2Fjhy&srno=b_3_91&otracker=browse&fm=organic&iid=518e877b-2c85-48a1-b683-3dc7f39eb17a.DREG9EWEWB2S8GXQ.SEARCH&ppt=None&ppn=None&ssid=3253kt4y000000001658756736902,80,Women Bodycon Brown Dress,4.3,214,27,i loved it is very nice i m very happy amazing fitting lovely dress 😍 please go for it👍,3.5416,0.0006544244
151,http://flipkart.com/tokyo-talkies-women-skater-multicolor-dress/p/itmbb440ddc38ab9?pid=DREG8TP2JHQPZSTT&lid=LSTDREG8TP2JHQPZSTTRAN05B&marketplace=FLIPKART&store=clo%2Fodx%2Fmaj%2Fjhy&srno=b_5_167&otracker=browse&fm=organic&iid=9db22210-7319-4f31-8a7d-13cb2f0edf9f.DREG8TP2JHQPZSTT.SEARCH&ppt=None&ppn=None&ssid=vtbp9w2e2o0000001658756739007,151,Women Skater Multicolor Dress,4.3,238,27,i loved it❤️ jst wow❤️ must buy 😍fittingfabriccolor everything is superb thanks flipkart,2.7094,0.0006309441
57,http://flipkart.com/rigo-women-bodycon-black-dress/p/itm7e07a84a912c4?pid=DREFNFX7FVAJXDFD&lid=LSTDREFNFX7FVAJXDFD5NH8CG&marketplace=FLIPKART&store=clo%2Fodx%2Fmaj%2Fjhy&srno=b_2_65&otracker=browse&fm=organic&iid=4f187e50-412d-4000-b0b3-491b071904b8.DREFNFX7FVAJXDFD.SEARCH&ppt=None&ppn=None&ssid=ulr3gqi0ls0000001658756735101,57,Women Bodycon Black Dress,4.1,213,31,super recommend😍 it is a very good quality dress it looks really cute i love it osam dress must buy grt deal👍,2.806,0.0006100865
216,http://flipkart.com/sassafras-women-fit-flare-pink-dress/p/itm3e400ae6eed3c?pid=DREG43QWEGPAYNWC&lid=LSTDREG43QWEGPAYNWCGQGZ24&marketplace=FLIPKART&store=clo%2Fodx%2Fmaj%2Fjhy&srno=b_6_237&otracker=browse&fm=organic&iid=0f40640d-1f08-4370-8215-c3638c9d9b71.DREG43QWEGPAYNWC.SEARCH&ppt=None&ppn=None&ssid=gbo1wgpztc0000001658756740571,216,Women Fit and Flare Pink Dress,4.2,219,19,very nice lovely dress ❣️❣️ it has lining only upto halfway of the skirt portion it has good sizing the colour is not as vibrant as in the photo but still is good the material is good quality and so is the stitching,3.7108,0.0005809555
295,http://flipkart.com/sassafras-women-a-line-multicolor-dress/p/itma3ce244ec5d3a?pid=DREFPYMWHBJHGPUA&lid=LSTDREFPYMWHBJHGPUA8PI0AG&marketplace=FLIPKART&store=clo%2Fodx%2Fmaj%2Fjhy&srno=b_9_322&otracker=browse&fm=organic&iid=5e78f7a3-22ff-4166-bd37-1a923266d9fe.DREFPYMWHBJHGPUA.SEARCH&ppt=None&ppn=None&ssid=addztmnj2o0000001658756744894,295,Women A-line Multicolor Dress,3.9,343,25,same as shown in picturenice fabricbut expensive simple dress not worth fr 700 rs the product quality is too badsize was bigits just the waste of money fantastic,0.3622,0.0005720785
174,http://flipkart.com/sassafras-women-fit-flare-pink-white-purple-dress/p/itmeb556f02a1776?pid=DREGF3Y9FZNMQNCZ&lid=LSTDREGF3Y9FZNMQNCZT4HYXC&marketplace=FLIPKART&store=clo%2Fodx%2Fmaj%2Fjhy&srno=b_5_191&otracker=browse&fm=organic&iid=9db22210-7319-4f31-8a7d-13cb2f0edf9f.DREGF3Y9FZNMQNCZ.SEARCH&ppt=None&ppn=None&ssid=vtbp9w2e2o0000001658756739007,174,"Women Fit and Flare Pink, White, Purple Dress",4.4,208,22,the fabric is soft and super comfortable for a chubby girls and also looks superb dress is good but colour is dull looks like used product this dress was really nice 😍,3.0149,0.0005668876
347,http://flipkart.com/stylestone-women-shirt-blue-dress/p/itm283cd6433784e?pid=DREFEQTG6NNTHHNQ&lid=LSTDREFEQTG6NNTHHNQFBMYSF&marketplace=FLIPKART&store=clo%2Fodx%2Fmaj%2Fjhy&srno=b_10_378&otracker=browse&fm=organic&iid=059e3c9c-55a2-4fb4-b8bb-8450b82447a7.DREFEQTG6NNTHHNQ.SEARCH&ppt=None&ppn=None&ssid=7rgz4b6q000000001658756745981,347,Women Shirt Blue Dress,4.4,244,26,awesome purchase thankyou flipkart good superbbb,1.0653,0.0005187595
164,http://flipkart.com/selvia-women-bodycon-maroon-dress/p/itm9dbd497b30f5b?pid=DREGAFG8AJEZARKM&lid=LSTDREGAFG8AJEZARKMLDW6MR&marketplace=FLIPKART&store=clo%2Fodx%2Fmaj%2Fjhy&srno=b_5_181&otracker=browse&fm=organic&iid=9db22210-7319-4f31-8a7d-13cb2f0edf9f.DREGAFG8AJEZARKM.SEARCH&ppt=None&ppn=None&ssid=vtbp9w2e2o0000001658756739007,164,Women Bodycon Maroon Dress,3.7,270,22,perfect fitting loved it nice,1.5928,0.0005097625
271,http://flipkart.com/flambeur-women-a-line-black-white-dress/p/itmd6e42eeb8791e?pid=DREG4Z2M6KHSA5G8&lid=LSTDREG4Z2M6KHSA5G8OQELVZ&marketplace=FLIPKART&store=clo%2Fodx%2Fmaj%2Fjhy&srno=b_8_295&otracker=browse&fm=organic&iid=5f63d83d-9940-40b4-ac45-834eaaf2387a.DREG4Z2M6KHSA5G8.SEARCH&ppt=None&ppn=None&ssid=4gx8zex8e80000001658756742655,271,"Women A-line Black, White Dress",4.1,195,23,awesome dress and i luv this dress very nice dress and also comfortable 😍 to wear 😉 i just love it comfy dressbought it for retro partylv it,2.6527,0.0005041796
205,http://flipkart.com/tokyo-talkies-women-maxi-black-dress/p/itm5d07a2a52bd9e?pid=DREFHGQUSD9A287S&lid=LSTDREFHGQUSD9A287S65IOJU&marketplace=FLIPKART&store=clo%2Fodx%2Fmaj%2Fjhy&srno=b_6_226&otracker=browse&fm=organic&iid=0f40640d-1f08-4370-8215-c3638c9d9b71.DREFHGQUSD9A287S.SEARCH&ppt=None&ppn=None&ssid=gbo1wgpztc0000001658756740571,205,Women Maxi Black Dress,4.1,163,22,awesome product 😁😍 its good osm dress  its giving very classy look  i just loved it,3.1635,0.0004757173
251,http://flipkart.com/tokyo-talkies-women-a-line-black-dress/p/itmf134f207897b4?pid=DREFYVV3JRJEFVA7&lid=LSTDREFYVV3JRJEFVA7BZIVWI&marketplace=FLIPKART&store=clo%2Fodx%2Fmaj%2Fjhy&srno=b_7_274&otracker=browse&fm=organic&iid=498d350b-fe93-4a21-a700-ed1f1254a687.DREFYVV3JRJEFVA7.SEARCH&ppt=None&ppn=None&ssid=xtqx69xdo00000001658756741660,251,Women A-line Black Dress,4.1,221,23,this dress is look nice good nice product,1.2834,0.0004557485
319,http://flipkart.com/lady-stark-women-bodycon-brown-dress/p/itme849804a1e90d?pid=DREFPWHNG6ZDHYCB&lid=LSTDREFPWHNG6ZDHYCBPKBAHW&marketplace=FLIPKART&store=clo%2Fodx%2Fmaj%2Fjhy&srno=b_9_349&otracker=browse&fm=organic&iid=5e78f7a3-22ff-4166-bd37-1a923266d9fe.DREFPWHNG6ZDHYCB.SEARCH&ppt=None&ppn=None&ssid=addztmnj2o0000001658756744894,319,Women Bodycon Brown Dress,3.9,282,46,,0,0.0004486118
339,http://flipkart.com/flambeur-women-a-line-multicolor-dress/p/itm3325e2036fbd1?pid=DREFYFDTNXM2PRGA&lid=LSTDREFYFDTNXM2PRGAMRZRLM&marketplace=FLIPKART&store=clo%2Fodx%2Fmaj%2Fjhy&srno=b_10_369&otracker=browse&fm=organic&iid=059e3c9c-55a2-4fb4-b8bb-8450b82447a7.DREFYFDTNXM2PRGA.SEARCH&ppt=None&ppn=None&ssid=7rgz4b6q000000001658756745981,339,Women A-line Multicolor Dress,3.6,217,24,okay nice best,1.2847,0.0004086380
97,http://flipkart.com/here-now-women-maxi-dark-blue-dress/p/itmfgbnkhcnvaz6j?pid=DREFGB5SVYZXJE9G&lid=LSTDREFGB5SVYZXJE9GTOVPFQ&marketplace=FLIPKART&store=clo%2Fodx%2Fmaj%2Fjhy&srno=b_3_110&otracker=browse&fm=organic&iid=518e877b-2c85-48a1-b683-3dc7f39eb17a.DREFGB5SVYZXJE9G.SEARCH&ppt=None&ppn=None&ssid=3253kt4y000000001658756736902,97,Women Maxi Dark Blue Dress,3.7,166,25,nice fitting and looking nice not excepting this super comfortable,1.953,0.0003930276
208,http://flipkart.com/selvia-women-sheath-white-multicolor-dress/p/itmffcaf6af484f2?pid=DREGCF8EKPHJ4VNZ&lid=LSTDREGCF8EKPHJ4VNZGGJYAY&marketplace=FLIPKART&store=clo%2Fodx%2Fmaj%2Fjhy&srno=b_6_229&otracker=browse&fm=organic&iid=0f40640d-1f08-4370-8215-c3638c9d9b71.DREGCF8EKPHJ4VNZ.SEARCH&ppt=None&ppn=None&ssid=gbo1wgpztc0000001658756740571,208,"Women Sheath White, Multicolor Dress",4.1,174,17,beautiful dress must buy  nice dress good quality ok ok,2.0533,0.0003928699
254,http://flipkart.com/oomph-plus-women-maxi-black-dress/p/itm77c2c7afcbe1f?pid=DREG6HYDR8RGW2DZ&lid=LSTDREG6HYDR8RGW2DZJG9ZXZ&marketplace=FLIPKART&store=clo%2Fodx%2Fmaj%2Fjhy&srno=b_7_277&otracker=browse&fm=organic&iid=498d350b-fe93-4a21-a700-ed1f1254a687.DREG6HYDR8RGW2DZ.SEARCH&ppt=None&ppn=None&ssid=xtqx69xdo00000001658756741660,254,Women Maxi Black Dress,3.9,244,20,,0,0.0003881605
79,http://flipkart.com/here-now-women-gathered-maroon-dress/p/itmfgbbztdutjuwe?pid=DREFGB5QY94YCHMA&lid=LSTDREFGB5QY94YCHMA6LMPFC&marketplace=FLIPKART&store=clo%2Fodx%2Fmaj%2Fjhy&srno=b_3_90&otracker=browse&fm=organic&iid=518e877b-2c85-48a1-b683-3dc7f39eb17a.DREFGB5QY94YCHMA.SEARCH&ppt=None&ppn=None&ssid=3253kt4y000000001658756736902,79,Women Gathered Maroon Dress,3.9,200,19,in every size the sleeve fitting is sameit does not increase with size good onego for it nice,1.1801,0.0003836017
298,http://flipkart.com/tokyo-talkies-women-sheath-orange-dress/p/itm51349542c4215?pid=DREGAM3JRHFHMF6Q&lid=LSTDREGAM3JRHFHMF6QNFQTPM&marketplace=FLIPKART&store=clo%2Fodx%2Fmaj%2Fjhy&srno=b_9_325&otracker=browse&fm=organic&iid=5e78f7a3-22ff-4166-bd37-1a923266d9fe.DREGAM3JRHFHMF6Q.SEARCH&ppt=None&ppn=None&ssid=addztmnj2o0000001658756744894,298,Women Sheath Orange Dress,4.3,146,12,excellent product i like the fit and it looks very beautiful 😍 just awesome,2.9774,0.0003603544
209,http://flipkart.com/janasya-women-fit-flare-blue-dress/p/itma5786ab0c7183?pid=DREG55JX7T7TNGHP&lid=LSTDREG55JX7T7TNGHPKJ4KTT&marketplace=FLIPKART&store=clo%2Fodx%2Fmaj%2Fjhy&srno=b_6_230&otracker=browse&fm=organic&iid=0f40640d-1f08-4370-8215-c3638c9d9b71.DREG55JX7T7TNGHP.SEARCH&ppt=None&ppn=None&ssid=gbo1wgpztc0000001658756740571,209,Women Fit and Flare Blue Dress,4.1,118,19,beautiful 💙 good design is good no doubt it appears nice while wearing but fabric is nylon even lining is not cottonfeels like made out of cheap print dupatta and blouse material at this price one can buy better fabric at local market and get it stiched by tailormay be price is for design idea and brand nameyou should buy it on your own consideration,2.683,0.0003461176
327,http://flipkart.com/maa-fab-women-skater-multicolor-dress/p/itm195c149314559?pid=DREGYFZGUDDRGUHC&lid=LSTDREGYFZGUDDRGUHCOOWZEJ&marketplace=FLIPKART&store=clo%2Fodx%2Fmaj%2Fjhy&srno=b_9_357&otracker=browse&fm=organic&iid=5e78f7a3-22ff-4166-bd37-1a923266d9fe.DREGYFZGUDDRGUHC.SEARCH&ppt=None&ppn=None&ssid=addztmnj2o0000001658756744894,327,Women Skater Multicolor Dress,3.8,99,14,this product is  very nice very comfortable and nice 🤗🤗 very good quality and colour ♥️ beautiful dress ♥️♥️,4.5666,0.0003400370
163,http://flipkart.com/selvia-women-wrap-pink-dress/p/itmd9653e9828225?pid=DREGACFTMGHEGGAG&lid=LSTDREGACFTMGHEGGAG4GFPR4&marketplace=FLIPKART&store=clo%2Fodx%2Fmaj%2Fjhy&srno=b_5_179&otracker=browse&fm=organic&iid=9db22210-7319-4f31-8a7d-13cb2f0edf9f.DREGACFTMGHEGGAG.SEARCH&ppt=None&ppn=None&ssid=vtbp9w2e2o0000001658756739007,163,Women Wrap Pink Dress,4.1,182,22,awesome dress very poor quality😡 fit is goodcomfortable to weargreat jumpsuit at this price,0.5094,0.0003370838
344,http://flipkart.com/selvia-women-a-line-yellow-dress/p/itmedf345d6c3da4?pid=DREGBKU72JYYCU3Y&lid=LSTDREGBKU72JYYCU3YKPCJBP&marketplace=FLIPKART&store=clo%2Fodx%2Fmaj%2Fjhy&srno=b_10_375&otracker=browse&fm=organic&iid=059e3c9c-55a2-4fb4-b8bb-8450b82447a7.DREGBKU72JYYCU3Y.SEARCH&ppt=None&ppn=None&ssid=7rgz4b6q000000001658756745981,344,Women A-line Yellow Dress,4.1,132,24,classy dress must buygives a butterfly feels 🦋 amazing 🤩 fabulous this dress  i ❤it,1.553,0.0003295338
262,http://flipkart.com/tokyo-talkies-women-a-line-black-dress/p/itmeeb5d43597ca8?pid=DREFYVV4QJYDQ9RP&lid=LSTDREFYVV4QJYDQ9RPHCZYKA&marketplace=FLIPKART&store=clo%2Fodx%2Fmaj%2Fjhy&srno=b_8_285&otracker=browse&fm=organic&iid=5f63d83d-9940-40b4-ac45-834eaaf2387a.DREFYVV4QJYDQ9RP.SEARCH&ppt=None&ppn=None&ssid=4gx8zex8e80000001658756742655,262,Women A-line Black Dress,4.3,135,16,loved it nice fabric n fitting good product,1.4613,0.0003050235
289,http://flipkart.com/miss-chase-women-a-line-blue-dress/p/itmfcuzhdgzgjrtg?pid=DREFCUHFBVFSGT2H&lid=LSTDREFCUHFBVFSGT2HAFQ5ZM&marketplace=FLIPKART&store=clo%2Fodx%2Fmaj%2Fjhy&srno=b_8_315&otracker=browse&fm=organic&iid=5f63d83d-9940-40b4-ac45-834eaaf2387a.DREFCUHFBVFSGT2H.SEARCH&ppt=None&ppn=None&ssid=4gx8zex8e80000001658756742655,289,Women A-line Blue Dress,4.2,117,14,sooo good quality product wow 110 percent product i will order for my daughter  small size xs unfortunately my daughter is very thin but not proper fitting anyway i dont want to return because product is so original thank you flipkart superb good quality,2.5082,0.0003029245
102,http://flipkart.com/miss-chase-women-gathered-maroon-dress/p/itm272e8c10c2e29?pid=DREFTZ3BUMESMCKE&lid=LSTDREFTZ3BUMESMCKEV0NS4G&marketplace=FLIPKART&store=clo%2Fodx%2Fmaj%2Fjhy&srno=b_3_115&otracker=browse&fm=organic&iid=518e877b-2c85-48a1-b683-3dc7f39eb17a.DREFTZ3BUMESMCKE.SEARCH&ppt=None&ppn=None&ssid=3253kt4y000000001658756736902,102,Women Gathered Maroon Dress,4.3,171,18,,0,0.0002999311
115,http://flipkart.com/miss-chase-women-gathered-maroon-dress/p/itm272e8c10c2e29?pid=DREFTZ3BUMESMCKE&lid=LSTDREFTZ3BUMESMCKEV0NS4G&marketplace=FLIPKART&store=clo%2Fodx%2Fmaj%2Fjhy&srno=b_4_130&otracker=browse&fm=organic&iid=475b9e0f-e2fa-443e-9c2e-3bffb00fcde6.DREFTZ3BUMESMCKE.SEARCH&ppt=None&ppn=None&ssid=eyr0hefdxs0000001658756737931,115,Women Gathered Maroon Dress,4.3,171,18,,0,0.0002999311
210,http://flipkart.com/provogue-women-shift-maroon-dress/p/itm93f4e893e8a89?pid=DREFUGAWHGZHTJX9&lid=LSTDREFUGAWHGZHTJX99FQREA&marketplace=FLIPKART&store=clo%2Fodx%2Fmaj%2Fjhy&srno=b_6_231&otracker=browse&fm=organic&iid=0f40640d-1f08-4370-8215-c3638c9d9b71.DREFUGAWHGZHTJX9.SEARCH&ppt=None&ppn=None&ssid=gbo1wgpztc0000001658756740571,210,Women Shift Maroon Dress,3.7,130,14,its like someone stitched a dress out of a see through dupatta  n that too without linning it may be just one cloth stich with no inner lining but trust mee its not transparent n perfect according to my bodyshape with adequate length😁😁 nice,2.5139,0.0002989152
48,http://flipkart.com/sassafras-women-tiered-red-dress/p/itm569222028a8d2?pid=DREG35CKEVWGBXXG&lid=LSTDREG35CKEVWGBXXGNEUMZ4&marketplace=FLIPKART&store=clo%2Fodx%2Fmaj%2Fjhy&srno=b_2_55&otracker=browse&fm=organic&iid=4f187e50-412d-4000-b0b3-491b071904b8.DREG35CKEVWGBXXG.SEARCH&ppt=None&ppn=None&ssid=ulr3gqi0ls0000001658756735101,48,Women Tiered Red Dress,4.1,126,14,beautiful dress go for it is so cool  i love this ★★★★☆ beautiful dress,2.1539,0.0002987276
246,http://flipkart.com/sassafras-women-tiered-blue-dress/p/itmeca2744981148?pid=DREG35CH7QQHJ53Z&lid=LSTDREG35CH7QQHJ53ZTJSDF6&marketplace=FLIPKART&store=clo%2Fodx%2Fmaj%2Fjhy&srno=b_7_269&otracker=browse&fm=organic&iid=498d350b-fe93-4a21-a700-ed1f1254a687.DREG35CH7QQHJ53Z.SEARCH&ppt=None&ppn=None&ssid=xtqx69xdo00000001658756741660,246,Women Tiered Blue Dress,4.1,125,14,beautiful dress go for it is so cool  i love this ★★★★☆ beautiful dress,2.1539,0.0002970552
314,http://flipkart.com/gaurgeous-women-fit-flare-dark-blue-dress/p/itm9288035b3cccc?pid=DREFWGHHYGZ4JZD4&lid=LSTDREFWGHHYGZ4JZD4AI3EGL&marketplace=FLIPKART&store=clo%2Fodx%2Fmaj%2Fjhy&srno=b_9_343&otracker=browse&fm=organic&iid=5e78f7a3-22ff-4166-bd37-1a923266d9fe.DREFWGHHYGZ4JZD4.SEARCH&ppt=None&ppn=None&ssid=addztmnj2o0000001658756744894,314,Women Fit and Flare Dark Blue Dress,4.2,171,14,,0,0.0002929560
131,http://flipkart.com/tokyo-talkies-women-wrap-black-dress/p/itm27bd2999d1790?pid=DREGC3NZMZDHCVKJ&lid=LSTDREGC3NZMZDHCVKJWVRYOP&marketplace=FLIPKART&store=clo%2Fodx%2Fmaj%2Fjhy&srno=b_4_147&otracker=browse&fm=organic&iid=475b9e0f-e2fa-443e-9c2e-3bffb00fcde6.DREGC3NZMZDHCVKJ.SEARCH&ppt=None&ppn=None&ssid=eyr0hefdxs0000001658756737931,131,Women Wrap Black Dress,4.2,112,12,is great not bad quality is good fitting perfect loved the product awesome dressgo for it,2.3192,0.0002730994
292,http://flipkart.com/provogue-women-fit-flare-multicolor-dress/p/itmfhrh4syhzzdyc?pid=DREFHRH4MN7EZ6ZK&lid=LSTDREFHRH4MN7EZ6ZKB9OAQJ&marketplace=FLIPKART&store=clo%2Fodx%2Fmaj%2Fjhy&srno=b_8_318&otracker=browse&fm=organic&iid=5f63d83d-9940-40b4-ac45-834eaaf2387a.DREFHRH4MN7EZ6ZK.SEARCH&ppt=None&ppn=None&ssid=4gx8zex8e80000001658756742655,292,Women Fit and Flare Multicolor Dress,4.1,137,11,nice good quality product but little transparent recieve same product,0.8619,0.0002567887
15,http://flipkart.com/dressberry-women-sheath-black-dress/p/itmfe2899bd6217f?pid=DREFZQ9C5GF4Q2PN&lid=LSTDREFZQ9C5GF4Q2PNDARVLE&marketplace=FLIPKART&store=clo%2Fodx%2Fmaj%2Fjhy&srno=b_1_17&otracker=browse&fm=organic&iid=en_rku7h9GRtb%2FK8nqva1dotzlyMGaXjHmXKocfnCp9%2F8Q1YqmyyOoD%2B3scc%2FYp%2BLfBuyhataxk4dbfpmATig%2FHkw%3D%3D&ppt=None&ppn=None&ssid=935ax4ah8g0000001658756734118,15,Women Sheath Black Dress,4,115,15,okay type cloth quality is very cheap comfortable to wear 😌  price worthed,1.1187,0.0002366085
42,http://flipkart.com/dressberry-women-sheath-black-dress/p/itmfe2899bd6217f?pid=DREFZQ9C5GF4Q2PN&lid=LSTDREFZQ9C5GF4Q2PNDARVLE&marketplace=FLIPKART&store=clo%2Fodx%2Fmaj%2Fjhy&srno=b_2_48&otracker=browse&fm=organic&iid=en_eF5oaIWBewZUFTqFp6oLahmfwI6xxW2a3XAvnf7viUuVgbFKxz5u4eGg5JP2hz%2BaHAeDb6wGThbbsltLVttxGA%3D%3D&ppt=None&ppn=None&ssid=ulr3gqi0ls0000001658756735101,42,Women Sheath Black Dress,4,115,15,okay type cloth quality is very cheap comfortable to wear 😌  price worthed,1.1187,0.0002366085
85,http://flipkart.com/dressberry-women-sheath-black-dress/p/itmfe2899bd6217f?pid=DREFZQ9C5GF4Q2PN&lid=LSTDREFZQ9C5GF4Q2PNDARVLE&marketplace=FLIPKART&store=clo%2Fodx%2Fmaj%2Fjhy&srno=b_3_96&otracker=browse&fm=organic&iid=en_CPNIv7Tri7nhI1%2Fq3TgnKgeYRFTlxJyQV8BpTs26wSXd0iKJLQaNrwDJ8spFfmbaHAeDb6wGThbbsltLVttxGA%3D%3D&ppt=None&ppn=None&ssid=3253kt4y000000001658756736902,85,Women Sheath Black Dress,4,115,15,okay type cloth quality is very cheap comfortable to wear 😌  price worthed,1.1187,0.0002366085
121,http://flipkart.com/dressberry-women-sheath-black-dress/p/itmfe2899bd6217f?pid=DREFZQ9C5GF4Q2PN&lid=LSTDREFZQ9C5GF4Q2PNDARVLE&marketplace=FLIPKART&store=clo%2Fodx%2Fmaj%2Fjhy&srno=b_4_136&otracker=browse&fm=organic&iid=en_C99HVefgtEX76a1jASv7Mhx8xw8HzL%2Fh2uP9fQRHMLj41U23U3O%2BmO3Ceo5lu5ztHAeDb6wGThbbsltLVttxGA%3D%3D&ppt=None&ppn=None&ssid=eyr0hefdxs0000001658756737931,121,Women Sheath Black Dress,4,115,15,okay type cloth quality is very cheap comfortable to wear 😌  price worthed,1.1187,0.0002366085
167,http://flipkart.com/dressberry-women-sheath-black-dress/p/itmfe2899bd6217f?pid=DREFZQ9C5GF4Q2PN&lid=LSTDREFZQ9C5GF4Q2PNDARVLE&marketplace=FLIPKART&store=clo%2Fodx%2Fmaj%2Fjhy&srno=b_5_184&otracker=browse&fm=organic&iid=en_hlZBYjMhjxrzD012Wn83cXGcpLdKp19pNGvkkvOwKhuI68o%2FUdQO0zCHBdyq45OWHAeDb6wGThbbsltLVttxGA%3D%3D&ppt=None&ppn=None&ssid=vtbp9w2e2o0000001658756739007,167,Women Sheath Black Dress,4,115,15,okay type cloth quality is very cheap comfortable to wear 😌  price worthed,1.1187,0.0002366085
193,http://flipkart.com/dressberry-women-sheath-black-dress/p/itmfe2899bd6217f?pid=DREFZQ9C5GF4Q2PN&lid=LSTDREFZQ9C5GF4Q2PNDARVLE&marketplace=FLIPKART&store=clo%2Fodx%2Fmaj%2Fjhy&srno=b_6_212&otracker=browse&fm=organic&iid=en_rGmQh6SQt%2FnCusYCCzlvyxfLKCqlzjo%2FLFWZdUWNQJCLBHGAlDjJhr3%2Fj8rrO9XTHAeDb6wGThbbsltLVttxGA%3D%3D&ppt=None&ppn=None&ssid=gbo1wgpztc0000001658756740571,193,Women Sheath Black Dress,4,115,15,okay type cloth quality is very cheap comfortable to wear 😌  price worthed,1.1187,0.0002366085
234,http://flipkart.com/dressberry-women-sheath-black-dress/p/itmfe2899bd6217f?pid=DREFZQ9C5GF4Q2PN&lid=LSTDREFZQ9C5GF4Q2PNDARVLE&marketplace=FLIPKART&store=clo%2Fodx%2Fmaj%2Fjhy&srno=b_7_256&otracker=browse&fm=organic&iid=en_9%2BmzLsy51trwHAvJ2DwswImedrLP9p1GeogpBJTkD0OthBXco%2BaZbxvaKsFkwZ34HAeDb6wGThbbsltLVttxGA%3D%3D&ppt=None&ppn=None&ssid=xtqx69xdo00000001658756741660,234,Women Sheath Black Dress,4,115,15,okay type cloth quality is very cheap comfortable to wear 😌  price worthed,1.1187,0.0002366085
268,http://flipkart.com/dressberry-women-sheath-black-dress/p/itmfe2899bd6217f?pid=DREFZQ9C5GF4Q2PN&lid=LSTDREFZQ9C5GF4Q2PNDARVLE&marketplace=FLIPKART&store=clo%2Fodx%2Fmaj%2Fjhy&srno=b_8_292&otracker=browse&fm=organic&iid=en_4NHvBEWQTX%2B1pNk6x%2Fegt07vDvSCtsMRfD36wl799ti30QVKKZRNuQUwbsYLpKNvHAeDb6wGThbbsltLVttxGA%3D%3D&ppt=None&ppn=None&ssid=4gx8zex8e80000001658756742655,268,Women Sheath Black Dress,4,115,15,okay type cloth quality is very cheap comfortable to wear 😌  price worthed,1.1187,0.0002366085
308,http://flipkart.com/dressberry-women-sheath-black-dress/p/itmfe2899bd6217f?pid=DREFZQ9C5GF4Q2PN&lid=LSTDREFZQ9C5GF4Q2PNDARVLE&marketplace=FLIPKART&store=clo%2Fodx%2Fmaj%2Fjhy&srno=b_9_336&otracker=browse&fm=organic&iid=en_YR0nD3xAyVWf5dNuT7RPJr1WhBj9S5Uldsgv9yufQllo96mQjipjzoJD6efrbdsxHAeDb6wGThbbsltLVttxGA%3D%3D&ppt=None&ppn=None&ssid=addztmnj2o0000001658756744894,308,Women Sheath Black Dress,4,115,15,okay type cloth quality is very cheap comfortable to wear 😌  price worthed,1.1187,0.0002366085
345,http://flipkart.com/dressberry-women-sheath-black-dress/p/itmfe2899bd6217f?pid=DREFZQ9C5GF4Q2PN&lid=LSTDREFZQ9C5GF4Q2PNDARVLE&marketplace=FLIPKART&store=clo%2Fodx%2Fmaj%2Fjhy&srno=b_10_376&otracker=browse&fm=organic&iid=en_HuDUzw5bUJMADomwPz337D3siJ3jsMe%2FwZLDzWEtbn2pYCI49r5Sz5QGxdajSbrcHAeDb6wGThbbsltLVttxGA%3D%3D&ppt=None&ppn=None&ssid=7rgz4b6q000000001658756745981,345,Women Sheath Black Dress,4,115,15,okay type cloth quality is very cheap comfortable to wear 😌  price worthed,1.1187,0.0002366085
157,http://flipkart.com/miss-chase-women-fit-flare-purple-dress/p/itm63d440000bfff?pid=DREFH8T35YV3GGCF&lid=LSTDREFH8T35YV3GGCFICMSMK&marketplace=FLIPKART&store=clo%2Fodx%2Fmaj%2Fjhy&srno=b_5_173&otracker=browse&fm=organic&iid=9db22210-7319-4f31-8a7d-13cb2f0edf9f.DREFH8T35YV3GGCF.SEARCH&ppt=None&ppn=None&ssid=vtbp9w2e2o0000001658756739007,157,Women Fit and Flare Purple Dress,3.9,102,16,the stich is visible on the back side of the dressthats disappointingalso the purple colour is not that bright as shown in the pictureoverall its not so bad  not so good good product nice material,1.2004,0.0002183169
278,http://flipkart.com/darzi-women-bodycon-black-dress/p/itm2553bbca21437?pid=DREGEGCMZJKY4NPH&lid=LSTDREGEGCMZJKY4NPHMBTJWQ&marketplace=FLIPKART&store=clo%2Fodx%2Fmaj%2Fjhy&srno=b_8_303&otracker=browse&fm=organic&iid=5f63d83d-9940-40b4-ac45-834eaaf2387a.DREGEGCMZJKY4NPH.SEARCH&ppt=None&ppn=None&ssid=4gx8zex8e80000001658756742655,278,Women Bodycon Black Dress,4.1,86,16,amezing dress  osm no word ❤ speechless beautiful dress ❤,1.5772,0.0002174744
310,http://flipkart.com/tokyo-talkies-women-a-line-maroon-dress/p/itm86c85f435e4c0?pid=DREGAM3JNG37MZCA&lid=LSTDREGAM3JNG37MZCAYKTQGL&marketplace=FLIPKART&store=clo%2Fodx%2Fmaj%2Fjhy&srno=b_9_338&otracker=browse&fm=organic&iid=5e78f7a3-22ff-4166-bd37-1a923266d9fe.DREGAM3JNG37MZCA.SEARCH&ppt=None&ppn=None&ssid=addztmnj2o0000001658756744894,310,Women A-line Maroon Dress,4.1,75,10,very comfortable and very style very comfortable 🙂 happy with this product the look fit and quality is just awesome for the price i picked it up for 347,2.9825,0.0002124731
307,http://flipkart.com/flying-machine-women-shirt-pink-dress/p/itm98bca762bae84?pid=DREGY7XJMGHQZPPD&lid=LSTDREGY7XJMGHQZPPDXYU4AR&marketplace=FLIPKART&store=clo%2Fodx%2Fmaj%2Fjhy&srno=b_9_335&otracker=browse&fm=organic&iid=5e78f7a3-22ff-4166-bd37-1a923266d9fe.DREGY7XJMGHQZPPD.SEARCH&ppt=None&ppn=None&ssid=addztmnj2o0000001658756744894,307,Women Shirt Pink Dress,4.1,90,8,nice nice material 👌 nice material same as shown in the picture very comfortable to wear 👍🏻,2.5048,0.0002089974
198,http://flipkart.com/selvia-women-co-ords-green-blue-white-dress/p/itmd17b1fe032bac?pid=DREGEP2F7RG8R4QM&lid=LSTDREGEP2F7RG8R4QMNDGAFJ&marketplace=FLIPKART&store=clo%2Fodx%2Fmaj%2Fjhy&srno=b_6_218&otracker=browse&fm=organic&iid=0f40640d-1f08-4370-8215-c3638c9d9b71.DREGEP2F7RG8R4QM.SEARCH&ppt=None&ppn=None&ssid=gbo1wgpztc0000001658756740571,198,"Women Co-ords Green, Blue, White Dress",3.6,116,9,just buy it🥰 the stitch went off too early quality not good as shown in picture,1.2478,0.0002031151
197,http://flipkart.com/sassafras-women-wrap-green-dress/p/itm7c151f1b0cb8c?pid=DREG5FDGYFRRWBEK&lid=LSTDREG5FDGYFRRWBEKZXI3GK&marketplace=FLIPKART&store=clo%2Fodx%2Fmaj%2Fjhy&srno=b_6_217&otracker=browse&fm=organic&iid=0f40640d-1f08-4370-8215-c3638c9d9b71.DREG5FDGYFRRWBEK.SEARCH&ppt=None&ppn=None&ssid=gbo1wgpztc0000001658756740571,197,Women Wrap Green Dress,4,106,4,nice style excellent product very short dressother wise good,1.9105,0.0001952537
214,http://flipkart.com/selvia-women-a-line-multicolor-dress/p/itm32ae5fe08a5e5?pid=DREGEJDZZHY4KF6W&lid=LSTDREGEJDZZHY4KF6WQYSAJI&marketplace=FLIPKART&store=clo%2Fodx%2Fmaj%2Fjhy&srno=b_6_235&otracker=browse&fm=organic&iid=0f40640d-1f08-4370-8215-c3638c9d9b71.DREGEJDZZHY4KF6W.SEARCH&ppt=None&ppn=None&ssid=gbo1wgpztc0000001658756740571,214,Women A-line Multicolor Dress,4.2,57,7,loved it fitting is perfect such a beautiful dress i love it😘😘😘😘😘go for it 🥂🥂 nice color as per pic very soft cloth i just loved it,4.3092,0.0001856854
187,http://flipkart.com/tokyo-talkies-women-pleated-black-dress/p/itm1ff4a6ef4b218?pid=DREGAM3JNXTHZR85&lid=LSTDREGAM3JNXTHZR85JFO7E4&marketplace=FLIPKART&store=clo%2Fodx%2Fmaj%2Fjhy&srno=b_6_205&otracker=browse&fm=organic&iid=0f40640d-1f08-4370-8215-c3638c9d9b71.DREGAM3JNXTHZR85.SEARCH&ppt=None&ppn=None&ssid=gbo1wgpztc0000001658756740571,187,Women Pleated Black Dress,4.3,83,10,nice dress suprrr comfortable and sassy look good👍👍👍 product,1.3725,0.0001856364
350,http://flipkart.com/tokyo-talkies-women-pleated-black-dress/p/itm1ff4a6ef4b218?pid=DREGAM3JNXTHZR85&lid=LSTDREGAM3JNXTHZR85JFO7E4&marketplace=FLIPKART&store=clo%2Fodx%2Fmaj%2Fjhy&srno=b_10_382&otracker=browse&fm=organic&iid=059e3c9c-55a2-4fb4-b8bb-8450b82447a7.DREGAM3JNXTHZR85.SEARCH&ppt=None&ppn=None&ssid=7rgz4b6q000000001658756745981,350,Women Pleated Black Dress,4.3,83,10,nice dress suprrr comfortable and sassy look good👍👍👍 product,1.3725,0.0001856364
306,http://flipkart.com/tokyo-talkies-women-skater-pink-white-dress/p/itme6144946e59a0?pid=DREG82FTKRRJ9ECT&lid=LSTDREG82FTKRRJ9ECTIM2WV7&marketplace=FLIPKART&store=clo%2Fodx%2Fmaj%2Fjhy&srno=b_9_334&otracker=browse&fm=organic&iid=5e78f7a3-22ff-4166-bd37-1a923266d9fe.DREG82FTKRRJ9ECT.SEARCH&ppt=None&ppn=None&ssid=addztmnj2o0000001658756744894,306,"Women Skater Pink, White Dress",3.8,101,2,good great material love it,1.7022,0.0001664888
227,http://flipkart.com/tokyo-talkies-women-a-line-white-dress/p/itm529bd6aa0bc28?pid=DREFUQ3PYHWHWM3M&lid=LSTDREFUQ3PYHWHWM3MPUP26S&marketplace=FLIPKART&store=clo%2Fodx%2Fmaj%2Fjhy&srno=b_7_249&otracker=browse&fm=organic&iid=498d350b-fe93-4a21-a700-ed1f1254a687.DREFUQ3PYHWHWM3M.SEARCH&ppt=None&ppn=None&ssid=xtqx69xdo00000001658756741660,227,Women A-line White Dress,4.2,97,7,,0,0.0001661797
28,http://flipkart.com/glamcci-women-maxi-pink-dress/p/itm28ee2b0abad3b?pid=DREGDFF6XYCGGNJG&lid=LSTDREGDFF6XYCGGNJGAGH1EY&marketplace=FLIPKART&store=clo%2Fodx%2Fmaj%2Fjhy&srno=b_1_32&otracker=browse&fm=organic&iid=en_rku7h9GRtb%2FK8nqva1dotzlyMGaXjHmXKocfnCp9%2F8Qd8hbqWUV%2FlR6mQSjN3UocG1JqKGTDIbZxgQpiyXJ1JA%3D%3D&ppt=None&ppn=None&ssid=935ax4ah8g0000001658756734118,28,Women Maxi Pink Dress,3.7,76,7,nice dress awesome one ❤️ good product🥰🥰,2.4261,0.0001642656
96,http://flipkart.com/tokyo-talkies-women-a-line-grey-dress/p/itmdd982fe0583bb?pid=DREGAM3GJ3DSYKFZ&lid=LSTDREGAM3GJ3DSYKFZZ9PLHW&marketplace=FLIPKART&store=clo%2Fodx%2Fmaj%2Fjhy&srno=b_3_109&otracker=browse&fm=organic&iid=518e877b-2c85-48a1-b683-3dc7f39eb17a.DREGAM3GJ3DSYKFZ.SEARCH&ppt=None&ppn=None&ssid=3253kt4y000000001658756736902,96,Women A-line Grey Dress,4.1,77,6,beautiful dress😘 beautiful worth the buy,1.8466,0.0001611103
150,http://flipkart.com/tokyo-talkies-women-fit-flare-white-dress/p/itm2d0a12afb5e79?pid=DREGBTE5UUS9FSPP&lid=LSTDREGBTE5UUS9FSPPNVYUXC&marketplace=FLIPKART&store=clo%2Fodx%2Fmaj%2Fjhy&srno=b_5_166&otracker=browse&fm=organic&iid=9db22210-7319-4f31-8a7d-13cb2f0edf9f.DREGBTE5UUS9FSPP.SEARCH&ppt=None&ppn=None&ssid=vtbp9w2e2o0000001658756739007,150,Women Fit and Flare White Dress,4.4,51,5,same as shown in the picture i loved it🥰 tokyo talkies is my fav brand🥰 product was nice and correct fit but  some kind of discoloration was there on the dress perfect,4.5543,0.0001579911
165,http://flipkart.com/flying-machine-women-fit-flare-multicolor-dress/p/itm41694f7f0bbd1?pid=DREGY7XGHTDVEZCC&lid=LSTDREGY7XGHTDVEZCCC9JW4V&marketplace=FLIPKART&store=clo%2Fodx%2Fmaj%2Fjhy&srno=b_5_182&otracker=browse&fm=organic&iid=9db22210-7319-4f31-8a7d-13cb2f0edf9f.DREGY7XGHTDVEZCC.SEARCH&ppt=None&ppn=None&ssid=vtbp9w2e2o0000001658756739007,165,Women Fit and Flare Multicolor Dress,4,81,10,nice dress nice too big,0.843,0.0001567632
364,http://flipkart.com/raaka-women-fit-flare-pink-dress/p/itm836dc40fddc31?pid=DREG64X82DU3DU4A&lid=LSTDREG64X82DU3DU4ADIR2NA&marketplace=FLIPKART&store=clo%2Fodx%2Fmaj%2Fjhy&srno=b_10_397&otracker=browse&fm=organic&iid=059e3c9c-55a2-4fb4-b8bb-8450b82447a7.DREG64X82DU3DU4A.SEARCH&ppt=None&ppn=None&ssid=7rgz4b6q000000001658756745981,364,Women Fit and Flare Pink Dress,4.3,81,8,not bad 🤷\u200d♀️ amazing product i like it where much,0.4048,0.0001515238
236,http://flipkart.com/vishudh-women-maxi-blue-dress/p/itmfedzvxwzcfyns?pid=DREFEDY8JJGYTTBD&lid=LSTDREFEDY8JJGYTTBDAHOEQH&marketplace=FLIPKART&store=clo%2Fodx%2Fmaj%2Fjhy&srno=b_7_258&otracker=browse&fm=organic&iid=498d350b-fe93-4a21-a700-ed1f1254a687.DREFEDY8JJGYTTBD.SEARCH&ppt=None&ppn=None&ssid=xtqx69xdo00000001658756741660,236,Women Maxi Blue Dress,3.7,93,8,same as shown in picturenice product superrrrr very bad product,-0.5423,0.0001276980
95,http://flipkart.com/flying-machine-women-a-line-pink-dress/p/itm897367c1cf0c1?pid=DREGY7XJVK4YMBHP&lid=LSTDREGY7XJVK4YMBHPICYMR2&marketplace=FLIPKART&store=clo%2Fodx%2Fmaj%2Fjhy&srno=b_3_107&otracker=browse&fm=organic&iid=518e877b-2c85-48a1-b683-3dc7f39eb17a.DREGY7XJVK4YMBHP.SEARCH&ppt=None&ppn=None&ssid=3253kt4y000000001658756736902,95,Women A-line Pink Dress,3.7,73,6,gd bt size is very long ok nce,0.296,0.0001153578
313,http://flipkart.com/kvsfab-women-fit-flare-blue-dress/p/itm476f00caa1fc7?pid=DREGBYF9PX6MC5YV&lid=LSTDREGBYF9PX6MC5YV9F8TP9&marketplace=FLIPKART&store=clo%2Fodx%2Fmaj%2Fjhy&srno=b_9_342&otracker=browse&fm=organic&iid=5e78f7a3-22ff-4166-bd37-1a923266d9fe.DREGBYF9PX6MC5YV.SEARCH&ppt=None&ppn=None&ssid=addztmnj2o0000001658756744894,313,Women Fit and Flare Blue Dress,4.2,66,4,,0,0.0001130707
302,http://flipkart.com/selvia-women-fit-flare-maroon-dress/p/itmcadae3c890552?pid=DREGBWPF5ZMA989Y&lid=LSTDREGBWPF5ZMA989YOJDYWM&marketplace=FLIPKART&store=clo%2Fodx%2Fmaj%2Fjhy&srno=b_9_330&otracker=browse&fm=organic&iid=5e78f7a3-22ff-4166-bd37-1a923266d9fe.DREGBWPF5ZMA989Y.SEARCH&ppt=None&ppn=None&ssid=addztmnj2o0000001658756744894,302,Women Fit and Flare Maroon Dress,4,50,5,selvia very very good wonderfull dress very good quality cute one awesome 👍,1.9645,0.0001102471
341,http://flipkart.com/provogue-women-shift-green-dress/p/itm7682b7255f518?pid=DREG4GZKXBGPQAYG&lid=LSTDREG4GZKXBGPQAYGB3RGJQ&marketplace=FLIPKART&store=clo%2Fodx%2Fmaj%2Fjhy&srno=b_10_371&otracker=browse&fm=organic&iid=059e3c9c-55a2-4fb4-b8bb-8450b82447a7.DREG4GZKXBGPQAYG.SEARCH&ppt=None&ppn=None&ssid=7rgz4b6q000000001658756745981,341,Women Shift Green Dress,4.1,63,1,a nice simple dress beautiful pastel shade the fabric is soft and flowy a good buy 👍,1.4613,0.0001096261
277,http://flipkart.com/blancora-women-maxi-maroon-dress/p/itm2ecb5ffe71dd7?pid=DREG9UHDGHXKZ6DD&lid=LSTDREG9UHDGHXKZ6DDA9UY6U&marketplace=FLIPKART&store=clo%2Fodx%2Fmaj%2Fjhy&srno=b_8_302&otracker=browse&fm=organic&iid=5f63d83d-9940-40b4-ac45-834eaaf2387a.DREG9UHDGHXKZ6DD.SEARCH&ppt=None&ppn=None&ssid=4gx8zex8e80000001658756742655,277,Women Maxi Maroon Dress,4.1,48,5,beautiful dressloved it perfect fit nice one,1.954,0.0001087886
120,http://flipkart.com/flying-machine-women-a-line-white-dress/p/itmd31fe3981a299?pid=DREGY7XJGHRC9BAZ&lid=LSTDREGY7XJGHRC9BAZKLCM09&marketplace=FLIPKART&store=clo%2Fodx%2Fmaj%2Fjhy&srno=b_4_135&otracker=browse&fm=organic&iid=475b9e0f-e2fa-443e-9c2e-3bffb00fcde6.DREGY7XJGHRC9BAZ.SEARCH&ppt=None&ppn=None&ssid=eyr0hefdxs0000001658756737931,120,Women A-line White Dress,4.6,43,3,good product cloth quality good excellent product love it❤❤,2.9451,0.0001064687
138,http://flipkart.com/flying-machine-women-a-line-yellow-dress/p/itme75f2eb45ab40?pid=DREGY7XGZZCHHG5T&lid=LSTDREGY7XGZZCHHG5TFYAYOX&marketplace=FLIPKART&store=clo%2Fodx%2Fmaj%2Fjhy&srno=b_4_154&otracker=browse&fm=organic&iid=475b9e0f-e2fa-443e-9c2e-3bffb00fcde6.DREGY7XGZZCHHG5T.SEARCH&ppt=None&ppn=None&ssid=eyr0hefdxs0000001658756737931,138,Women A-line Yellow Dress,3.8,54,6,beautiful and simple worth buying good product in such price range,1.2661,0.0001058720
166,http://flipkart.com/flying-machine-women-a-line-yellow-dress/p/itme75f2eb45ab40?pid=DREGY7XGZZCHHG5T&lid=LSTDREGY7XGZZCHHG5TE75WTI&marketplace=FLIPKART&store=clo%2Fodx%2Fmaj%2Fjhy&srno=b_5_183&otracker=browse&fm=organic&iid=9db22210-7319-4f31-8a7d-13cb2f0edf9f.DREGY7XGZZCHHG5T.SEARCH&ppt=None&ppn=None&ssid=vtbp9w2e2o0000001658756739007,166,Women A-line Yellow Dress,3.8,54,6,beautiful and simple worth buying good product in such price range,1.2661,0.0001058720
250,http://flipkart.com/vskin-women-fit-flare-yellow-dress/p/itmdef36843bf3f2?pid=DREG2SY4FD4GYTGM&lid=LSTDREG2SY4FD4GYTGMZTLA9E&marketplace=FLIPKART&store=clo%2Fodx%2Fmaj%2Fjhy&srno=b_7_273&otracker=browse&fm=organic&iid=498d350b-fe93-4a21-a700-ed1f1254a687.DREG2SY4FD4GYTGM.SEARCH&ppt=None&ppn=None&ssid=xtqx69xdo00000001658756741660,250,Women Fit and Flare Yellow Dress,3.9,62,12,,0,0.0000986310
228,http://flipkart.com/tokyo-talkies-women-bodycon-black-dress/p/itm8f4e0cee9011b?pid=DREGC3NZRAV2G9ZG&lid=LSTDREGC3NZRAV2G9ZGXGXO9U&marketplace=FLIPKART&store=clo%2Fodx%2Fmaj%2Fjhy&srno=b_7_250&otracker=browse&fm=organic&iid=498d350b-fe93-4a21-a700-ed1f1254a687.DREGC3NZRAV2G9ZG.SEARCH&ppt=None&ppn=None&ssid=xtqx69xdo00000001658756741660,228,Women Bodycon Black Dress,4.4,36,4,just wow 👌👌🥰🥰❤️❤️ same as shown in the picture like it very good at this price point,2.3671,0.0000922449
155,http://flipkart.com/urbanic-women-drop-waist-black-dress/p/itmd924d4ac1375e?pid=DREG74JQYVGH2JAN&lid=LSTDREG74JQYVGH2JANPUUSRW&marketplace=FLIPKART&store=clo%2Fodx%2Fmaj%2Fjhy&srno=b_5_171&otracker=browse&fm=organic&iid=9db22210-7319-4f31-8a7d-13cb2f0edf9f.DREG74JQYVGH2JAN.SEARCH&ppt=None&ppn=None&ssid=vtbp9w2e2o0000001658756739007,155,Women Drop Waist Black Dress,3.8,27,5,just loved the dress great fit and quality superb love it 😍,3.3061,0.0000900944
362,http://flipkart.com/urbanic-women-a-line-blue-dress/p/itmbc9e8057c0a80?pid=DREG5YD43CTZXCZ7&lid=LSTDREG5YD43CTZXCZ7A09JLR&marketplace=FLIPKART&store=clo%2Fodx%2Fmaj%2Fjhy&srno=b_10_395&otracker=browse&fm=organic&iid=059e3c9c-55a2-4fb4-b8bb-8450b82447a7.DREG5YD43CTZXCZ7.SEARCH&ppt=None&ppn=None&ssid=7rgz4b6q000000001658756745981,362,Women A-line Blue Dress,3.7,57,3,,0,0.0000860268
255,http://flipkart.com/tokyo-talkies-women-shirt-green-dress/p/itmc7831b1a13648?pid=DREFUG8HSZWCABQV&lid=LSTDREFUG8HSZWCABQVFIV6MY&marketplace=FLIPKART&store=clo%2Fodx%2Fmaj%2Fjhy&srno=b_7_278&otracker=browse&fm=organic&iid=498d350b-fe93-4a21-a700-ed1f1254a687.DREFUG8HSZWCABQV.SEARCH&ppt=None&ppn=None&ssid=xtqx69xdo00000001658756741660,255,Women Shirt Green Dress,4,47,10,very bad quality dont like it good,0.2593,0.0000842533
190,http://flipkart.com/urbanic-women-a-line-white-dress/p/itm4dcaeccb3367e?pid=DREG74KYHXS96HE5&lid=LSTDREG74KYHXS96HE5TK5IKJ&marketplace=FLIPKART&store=clo%2Fodx%2Fmaj%2Fjhy&srno=b_6_209&otracker=browse&fm=organic&iid=0f40640d-1f08-4370-8215-c3638c9d9b71.DREG74KYHXS96HE5.SEARCH&ppt=None&ppn=None&ssid=gbo1wgpztc0000001658756740571,190,Women A-line White Dress,4.2,46,3,,0,0.0000788069
233,http://flipkart.com/sassafras-women-a-line-yellow-dress/p/itmaa96a3db2f3d4?pid=DREG6TBQCNRDXYYC&lid=LSTDREG6TBQCNRDXYYCLTS5LV&marketplace=FLIPKART&store=clo%2Fodx%2Fmaj%2Fjhy&srno=b_7_255&otracker=browse&fm=organic&iid=498d350b-fe93-4a21-a700-ed1f1254a687.DREG6TBQCNRDXYYC.SEARCH&ppt=None&ppn=None&ssid=xtqx69xdo00000001658756741660,233,Women A-line Yellow Dress,3.6,36,3,color and fabric are very beautiful but it will look good for slim girl who wear size s otherwise it will not good awesome quality at such price superb,2.73,0.0000767664
10,http://flipkart.com/jhaji-women-skater-multicolor-dress/p/itm8f64fe9b9955b?pid=DREGEZWU336QPQWU&lid=LSTDREGEZWU336QPQWUIEHYKV&marketplace=FLIPKART&store=clo%2Fodx%2Fmaj%2Fjhy&srno=b_1_11&otracker=browse&fm=organic&iid=en_rku7h9GRtb%2FK8nqva1dotzlyMGaXjHmXKocfnCp9%2F8SaivUe1lp%2FlzfvKBHsxxYEs7s9kDL0hGR5EHoHEW9tPg%3D%3D&ppt=None&ppn=None&ssid=935ax4ah8g0000001658756734118,10,Women Skater Multicolor Dress,3.9,34,6,awesome 👍 total waste of money it looks beautiful before wash and after one wash you even cant use it as a mop🙄🤦\u200d♀️ very good product,1.2432,0.0000758573
334,http://flipkart.com/jhaji-women-skater-multicolor-dress/p/itm8f64fe9b9955b?pid=DREGEZWU336QPQWU&lid=LSTDREGEZWU336QPQWUIEHYKV&marketplace=FLIPKART&store=clo%2Fodx%2Fmaj%2Fjhy&srno=b_10_364&otracker=browse&fm=organic&iid=en_HuDUzw5bUJMADomwPz337D3siJ3jsMe%2FwZLDzWEtbn2hMf5tZabnpFQnwm52OaS1s7s9kDL0hGR5EHoHEW9tPg%3D%3D&ppt=None&ppn=None&ssid=7rgz4b6q000000001658756745981,334,Women Skater Multicolor Dress,3.9,34,6,awesome 👍 total waste of money it looks beautiful before wash and after one wash you even cant use it as a mop🙄🤦\u200d♀️ very good product,1.2432,0.0000758573
156,http://flipkart.com/jhaji-women-skater-multicolor-dress/p/itm8f64fe9b9955b?pid=DREGEZWU336QPQWU&lid=LSTDREGEZWU336QPQWUIEHYKV&marketplace=FLIPKART&store=clo%2Fodx%2Fmaj%2Fjhy&srno=b_5_172&otracker=browse&fm=organic&iid=en_hlZBYjMhjxrzD012Wn83cXGcpLdKp19pNGvkkvOwKhull%2FfpKqcvLV%2Ff1Gb44ARDs7s9kDL0hGR5EHoHEW9tPg%3D%3D&ppt=None&ppn=None&ssid=vtbp9w2e2o0000001658756739007,156,Women Skater Multicolor Dress,4,32,5,awesome 👍 total waste of money it looks beautiful before wash and after one wash you even cant use it as a mop🙄🤦\u200d♀️ very good product,1.2432,0.0000703527
49,http://flipkart.com/tokyo-talkies-women-fit-flare-black-dress/p/itm00747aba12f98?pid=DREGBZ29ZGHKWNC6&lid=LSTDREGBZ29ZGHKWNC6YDJ0H5&marketplace=FLIPKART&store=clo%2Fodx%2Fmaj%2Fjhy&srno=b_2_56&otracker=browse&fm=organic&iid=4f187e50-412d-4000-b0b3-491b071904b8.DREGBZ29ZGHKWNC6.SEARCH&ppt=None&ppn=None&ssid=ulr3gqi0ls0000001658756735101,49,Women Fit and Flare Black Dress,3.7,37,3,nice such a beautiful dress 😍 same as shown in the picture go for it,1.4797,0.0000687972
188,http://flipkart.com/flying-machine-women-shift-black-dress/p/itme27ebb0e90014?pid=DREGY7XJJBGRGUHF&lid=LSTDREGY7XJJBGRGUHFNU4VNR&marketplace=FLIPKART&store=clo%2Fodx%2Fmaj%2Fjhy&srno=b_6_206&otracker=browse&fm=organic&iid=0f40640d-1f08-4370-8215-c3638c9d9b71.DREGY7XJJBGRGUHF.SEARCH&ppt=None&ppn=None&ssid=gbo1wgpztc0000001658756740571,188,Women Shift Black Dress,4,41,3,fitting is nt goodthe material is also not fineso i returned the product lovely dress worst purchase,-0.039,0.0000665546
192,http://flipkart.com/flying-machine-women-shift-blue-dress/p/itm7fa55dbe73c9b?pid=DREGY7XJTPFGTYTR&lid=LSTDREGY7XJTPFGTYTRL8H2YK&marketplace=FLIPKART&store=clo%2Fodx%2Fmaj%2Fjhy&srno=b_6_211&otracker=browse&fm=organic&iid=0f40640d-1f08-4370-8215-c3638c9d9b71.DREGY7XJTPFGTYTR.SEARCH&ppt=None&ppn=None&ssid=gbo1wgpztc0000001658756740571,192,Women Shift Blue Dress,4.1,37,3,very nice product product is good in such price range  the belt quality is very poor its torn already,0.1352,0.0000630626
7,http://flipkart.com/sheetal-associates-women-bodycon-pink-dress/p/itmf51b1dbeb27da?pid=DREGCEK4Z64NXUHF&lid=LSTDREGCEK4Z64NXUHFRIS4I4&marketplace=FLIPKART&store=clo%2Fodx%2Fmaj%2Fjhy&srno=b_1_8&otracker=browse&fm=organic&iid=en_rku7h9GRtb%2FK8nqva1dotzlyMGaXjHmXKocfnCp9%2F8QXp6WQX9WSsfQc2otAamToPATvMzm5FJu1l8BNUFndaw%3D%3D&ppt=None&ppn=None&ssid=935ax4ah8g0000001658756734118,7,Women Bodycon Pink Dress,3,22,6,just wow 😍go for it ❣️💕 fabric is too harsh not comfortable,1.974,0.0000614878
152,http://flipkart.com/sheetal-associates-women-bodycon-pink-dress/p/itmf51b1dbeb27da?pid=DREGCEK4Z64NXUHF&lid=LSTDREGCEK4Z64NXUHFRIS4I4&marketplace=FLIPKART&store=clo%2Fodx%2Fmaj%2Fjhy&srno=b_5_168&otracker=browse&fm=organic&iid=en_hlZBYjMhjxrzD012Wn83cXGcpLdKp19pNGvkkvOwKhuEXgU4aEvHjpfacsCb1bQYPATvMzm5FJu1l8BNUFndaw%3D%3D&ppt=None&ppn=None&ssid=vtbp9w2e2o0000001658756739007,152,Women Bodycon Pink Dress,3,22,6,just wow 😍go for it ❣️💕 fabric is too harsh not comfortable,1.974,0.0000614878
281,http://flipkart.com/tokyo-talkies-women-fit-flare-light-green-dress/p/itme0ecd308d2ab9?pid=DREGBZ26QDWKUVWK&lid=LSTDREGBZ26QDWKUVWKGNHRPU&marketplace=FLIPKART&store=clo%2Fodx%2Fmaj%2Fjhy&srno=b_8_307&otracker=browse&fm=organic&iid=5f63d83d-9940-40b4-ac45-834eaaf2387a.DREGBZ26QDWKUVWK.SEARCH&ppt=None&ppn=None&ssid=4gx8zex8e80000001658756742655,281,Women Fit and Flare Light Green Dress,4.2,23,2,pretty ❤✨ good,1.6922,0.0000492807
239,http://flipkart.com/selvia-women-a-line-blue-dress/p/itm78a139feab7c4?pid=DREGDKFFH8GH2PBQ&lid=LSTDREGDKFFH8GH2PBQWXEV7T&marketplace=FLIPKART&store=clo%2Fodx%2Fmaj%2Fjhy&srno=b_7_262&otracker=browse&fm=organic&iid=498d350b-fe93-4a21-a700-ed1f1254a687.DREGDKFFH8GH2PBQ.SEARCH&ppt=None&ppn=None&ssid=xtqx69xdo00000001658756741660,239,Women A-line Blue Dress,4,30,0,,0,0.0000489484
356,http://flipkart.com/selvia-women-a-line-blue-dress/p/itm78a139feab7c4?pid=DREGDKFFH8GH2PBQ&lid=LSTDREGDKFFH8GH2PBQWXEV7T&marketplace=FLIPKART&store=clo%2Fodx%2Fmaj%2Fjhy&srno=b_10_389&otracker=browse&fm=organic&iid=059e3c9c-55a2-4fb4-b8bb-8450b82447a7.DREGDKFFH8GH2PBQ.SEARCH&ppt=None&ppn=None&ssid=7rgz4b6q000000001658756745981,356,Women A-line Blue Dress,4,30,0,,0,0.0000489484
299,http://flipkart.com/urbanic-women-a-line-pink-dress/p/itm07183cb9b6044?pid=DREG74JYRUTXPYZH&lid=LSTDREG74JYRUTXPYZHAC9OG0&marketplace=FLIPKART&store=clo%2Fodx%2Fmaj%2Fjhy&srno=b_9_326&otracker=browse&fm=organic&iid=5e78f7a3-22ff-4166-bd37-1a923266d9fe.DREG74JYRUTXPYZH.SEARCH&ppt=None&ppn=None&ssid=addztmnj2o0000001658756744894,299,Women A-line Pink Dress,3.8,25,3,it’s very very nice dress i really like it excellent 👍 material was not upto the expectation no lining overall average product,1.0586,0.0000480192
365,http://flipkart.com/urbanic-women-a-line-black-dress/p/itm50c0feef9ca00?pid=DREG74GZ8VHDUNPZ&lid=LSTDREG74GZ8VHDUNPZP7FPIA&marketplace=FLIPKART&store=clo%2Fodx%2Fmaj%2Fjhy&srno=b_10_399&otracker=browse&fm=organic&iid=059e3c9c-55a2-4fb4-b8bb-8450b82447a7.DREG74GZ8VHDUNPZ.SEARCH&ppt=None&ppn=None&ssid=7rgz4b6q000000001658756745981,365,Women A-line Black Dress,3.8,26,3,fabric is not good good,0.8808,0.0000480125
149,http://flipkart.com/tokyo-talkies-women-bodycon-blue-dress/p/itmb1392d8f4bd06?pid=DREGBFYSYCKVHUJT&lid=LSTDREGBFYSYCKVHUJT6SGPEJ&marketplace=FLIPKART&store=clo%2Fodx%2Fmaj%2Fjhy&srno=b_5_165&otracker=browse&fm=organic&iid=9db22210-7319-4f31-8a7d-13cb2f0edf9f.DREGBFYSYCKVHUJT.SEARCH&ppt=None&ppn=None&ssid=vtbp9w2e2o0000001658756739007,149,Women Bodycon Blue Dress,4.4,24,1,nice,0.4215,0.0000443047
357,http://flipkart.com/urbanic-women-a-line-black-dress/p/itmf47ca3b617e52?pid=DREG74JZ8PKNFJMG&lid=LSTDREG74JZ8PKNFJMGUM5OTA&marketplace=FLIPKART&store=clo%2Fodx%2Fmaj%2Fjhy&srno=b_10_390&otracker=browse&fm=organic&iid=059e3c9c-55a2-4fb4-b8bb-8450b82447a7.DREG74JZ8PKNFJMG.SEARCH&ppt=None&ppn=None&ssid=7rgz4b6q000000001658756745981,357,Women A-line Black Dress,3.6,28,0,,0,0.0000411166
93,http://flipkart.com/darzi-women-bodycon-multicolor-dress/p/itm520ebb6f8ec56?pid=DREGFEEBSNXUQXZZ&lid=LSTDREGFEEBSNXUQXZZIZ97VU&marketplace=FLIPKART&store=clo%2Fodx%2Fmaj%2Fjhy&srno=b_3_105&otracker=browse&fm=organic&iid=518e877b-2c85-48a1-b683-3dc7f39eb17a.DREGFEEBSNXUQXZZ.SEARCH&ppt=None&ppn=None&ssid=3253kt4y000000001658756736902,93,Women Bodycon Multicolor Dress,4.4,21,1,this dress is quite ok according to its rate cloth is little on lower qualitylooks like night dressoverall good product,0.8016,0.0000400297
321,http://flipkart.com/urbanic-women-a-line-white-dress/p/itm0136f2ca695f3?pid=DREG74JVCGHHKZFP&lid=LSTDREG74JVCGHHKZFPUL7IRG&marketplace=FLIPKART&store=clo%2Fodx%2Fmaj%2Fjhy&srno=b_9_351&otracker=browse&fm=organic&iid=5e78f7a3-22ff-4166-bd37-1a923266d9fe.DREG74JVCGHHKZFP.SEARCH&ppt=None&ppn=None&ssid=addztmnj2o0000001658756744894,321,Women A-line White Dress,4.2,19,1,fabric is good dress is comfortable and pretty❤,1.7636,0.0000376977
145,http://flipkart.com/urbanic-women-gown-blue-dress/p/itm92eb3d32dff83?pid=DREG74U3YYRHSFEJ&lid=LSTDREG74U3YYRHSFEJ2FJKJT&marketplace=FLIPKART&store=clo%2Fodx%2Fmaj%2Fjhy&srno=b_5_161&otracker=browse&fm=organic&iid=9db22210-7319-4f31-8a7d-13cb2f0edf9f.DREG74U3YYRHSFEJ.SEARCH&ppt=None&ppn=None&ssid=vtbp9w2e2o0000001658756739007,145,Women Gown Blue Dress,4.2,19,2,,0,0.0000325507
218,http://flipkart.com/urbanic-women-gown-blue-dress/p/itm92eb3d32dff83?pid=DREG74U3YYRHSFEJ&lid=LSTDREG74U3YYRHSFEJ2FJKJT&marketplace=FLIPKART&store=clo%2Fodx%2Fmaj%2Fjhy&srno=b_6_239&otracker=browse&fm=organic&iid=0f40640d-1f08-4370-8215-c3638c9d9b71.DREG74U3YYRHSFEJ.SEARCH&ppt=None&ppn=None&ssid=gbo1wgpztc0000001658756740571,218,Women Gown Blue Dress,4.2,19,2,,0,0.0000325507
226,http://flipkart.com/urbanic-women-gown-brown-dress/p/itm7233a39de7cf5?pid=DREG74JUHPMZXYAB&lid=LSTDREG74JUHPMZXYABNWX74Q&marketplace=FLIPKART&store=clo%2Fodx%2Fmaj%2Fjhy&srno=b_7_247&otracker=browse&fm=organic&iid=498d350b-fe93-4a21-a700-ed1f1254a687.DREG74JUHPMZXYAB.SEARCH&ppt=None&ppn=None&ssid=xtqx69xdo00000001658756741660,226,Women Gown Brown Dress,3.8,19,1,good,0.4404,0.0000307359
260,http://flipkart.com/urbanic-women-a-line-black-dress/p/itmf34e07c434d45?pid=DREG74JTXEGWKECC&lid=LSTDREG74JTXEGWKECCGTP9BP&marketplace=FLIPKART&store=clo%2Fodx%2Fmaj%2Fjhy&srno=b_8_283&otracker=browse&fm=organic&iid=5f63d83d-9940-40b4-ac45-834eaaf2387a.DREG74JTXEGWKECC.SEARCH&ppt=None&ppn=None&ssid=4gx8zex8e80000001658756742655,260,Women A-line Black Dress,3.6,12,2,it was very preety dress one of the best dress i ever received long attractive my husband loving it,1.6767,0.0000274082
179,http://flipkart.com/tokyo-talkies-women-bodycon-light-green-dress/p/itm7d8bfad5930f1?pid=DREGD3FDXMT3TDWH&lid=LSTDREGD3FDXMT3TDWHHGUFDM&marketplace=FLIPKART&store=clo%2Fodx%2Fmaj%2Fjhy&srno=b_5_197&otracker=browse&fm=organic&iid=9db22210-7319-4f31-8a7d-13cb2f0edf9f.DREGD3FDXMT3TDWH.SEARCH&ppt=None&ppn=None&ssid=vtbp9w2e2o0000001658756739007,179,Women Bodycon Light Green Dress,3.8,16,0,,0,0.0000248005
325,http://flipkart.com/roadster-women-a-line-pink-dress/p/itm9e23ed47dd400?pid=DREG6NYXGHFKRBQS&lid=LSTDREG6NYXGHFKRBQS8PSMU8&marketplace=FLIPKART&store=clo%2Fodx%2Fmaj%2Fjhy&srno=b_9_355&otracker=browse&fm=organic&iid=5e78f7a3-22ff-4166-bd37-1a923266d9fe.DREG6NYXGHFKRBQS.SEARCH&ppt=None&ppn=None&ssid=addztmnj2o0000001658756744894,325,Women A-line Pink Dress,4.7,12,1,vry nyc,0,0.0000230057
90,http://flipkart.com/urbanic-women-a-line-orange-dress/p/itmea863238a2afd?pid=DREG74GZKHRWGP8E&lid=LSTDREG74GZKHRWGP8EUYZEQY&marketplace=FLIPKART&store=clo%2Fodx%2Fmaj%2Fjhy&srno=b_3_102&otracker=browse&fm=organic&iid=518e877b-2c85-48a1-b683-3dc7f39eb17a.DREG74GZKHRWGP8E.SEARCH&ppt=None&ppn=None&ssid=3253kt4y000000001658756736902,90,Women A-line Orange Dress,3.4,11,0,,0,0.0000152556
275,http://flipkart.com/sheetal-associates-women-bodycon-blue-dress/p/itm475cfd36b8035?pid=DREGCEK4CEESGXYC&lid=LSTDREGCEK4CEESGXYCBV3HGV&marketplace=FLIPKART&store=clo%2Fodx%2Fmaj%2Fjhy&srno=b_8_300&otracker=browse&fm=organic&iid=en_4NHvBEWQTX%2B1pNk6x%2Fegt07vDvSCtsMRfD36wl799thSDg%2FhwupYr6DX4fhJzCQxvPq70txny7MfCbB2b4qrgw%3D%3D&ppt=None&ppn=None&ssid=4gx8zex8e80000001658756742655,275,Women Bodycon Blue Dress,4,7,1,beautiful dress at this price,0.5994,0.0000131706
219,http://flipkart.com/vero-moda-women-fit-flare-blue-dress/p/itm054b5ce13b942?pid=DREFZZU8FECPWWKF&lid=LSTDREFZZU8FECPWWKFAIB9GN&marketplace=FLIPKART&store=clo%2Fodx%2Fmaj%2Fjhy&srno=b_6_240&otracker=browse&fm=organic&iid=en_rGmQh6SQt%2FnCusYCCzlvyxfLKCqlzjo%2FLFWZdUWNQJBfLhpjgOfqSZSoL0J97KVAMwcnVGdAXXY5vH5WeLZ8DQ%3D%3D&ppt=None&ppn=None&ssid=gbo1wgpztc0000001658756740571,219,Women Fit and Flare Blue Dress,3.6,7,0,,0,0.0000102792
0,http://flipkart.com/kalawatis-women-fit-flare-white-dress/p/itm6478c4027b2f1?pid=DREGG5ZWEMGC4GSS&lid=LSTDREGG5ZWEMGC4GSSOYLMNR&marketplace=FLIPKART&store=clo%2Fodx%2Fmaj%2Fjhy&srno=b_1_1&otracker=browse&fm=organic&iid=en_rku7h9GRtb%2FK8nqva1dotzlyMGaXjHmXKocfnCp9%2F8RF1lth2YxuSSeyogiBB1DT4JM4jMS%2FwmQIBUJLRM3KEA%3D%3D&ppt=None&ppn=None&ssid=935ax4ah8g0000001658756734118,0,Women Fit and Flare White Dress,4,4,0,,0,0.0000065264
